1          0.00 20 33 12.0 +41 19 00         
2         12.89 20 33 11.14 +41 19 08.5      
3         13.04 20 33 11.13 +41 19 08.6      
4         13.46 20 33 11.22 +41 19 10.2      
5         15.37 20 33 13.24 +41 19 06.4      
6         15.52 20 33 12.660 +41 19 13.62    
7         26.95 20 33 14.390 +41 19 01.10    
8         28.19 20 33 14.480 +41 18 56.28    
9         34.67 20 33 11.80 +41 18 25.4      
10        35.31 20 33 15.120 +41 19 03.36    
11        35.97 20 33 15.07905 +41 18 50.4762
12        35.98 20 33 15.08 +41 18 50.5      
13        36.14 20 33 14.762 +41 18 41.63    
14        36.27 20 33 14.43 +41 19 23.8      
15        36.99 20 33 14.580 +41 18 37.12    
16        37.54 20 33 15.310 +41 18 55.66    
17        37.81 20 33 08.73 +41 18 51.5      
18        38.29 20 33 15.0 +41 18 42         
19        39.00 20 33 15.450 +41 18 56.77    
20        40.28 20 33 15.39 +41 19 12.8      
21        41.33 20 33 08.596 +41 19 15.41    
22        41.88 20 33 15.640 +41 18 51.48    
23        42.33 20 33 14.340 +41 19 33.12    
24        47.20 20 33 14.85 +41 19 34.6      
25        47.58 20 33 08.632 +41 18 31.29    
26        47.88 20 33 16.23 +41 19 04.6      
27        48.56 20 33 11.479 +41 19 48.20    
28        48.91 20 33 16.340 +41 18 58.96    
29        48.93 20 33 16.340 +41 19 01.79    
30        52.70 20 33 13.63 +41 19 49.4      
31        53.20 20 33 16.085 +41 18 33.31    
32        55.83 20 33 08.25 +41 18 23.5      
33        56.67 20 33 06.97 +41 18 59.2      
34        58.64 20 33 15.47 +41 18 16.3      
35        59.69 20 33 16.730 +41 18 33.12    
36        61.80 20 33 11.379 +41 17 58.60    
37        62.30 20 33 17.191 +41 19 21.49    
38        63.54 20 33 07.52 +41 18 21.4      
39        64.20 20 33 08.67 +41 18 07.9      
40        64.63 20 33 14.40 +41 19 58.7      
41        66.21 20 33 17.12 +41 18 27.5      
42        67.76 20 33 09.928 +41 17 56.39    
43        67.86 20 33 13.67 +41 20 05.2      
44        69.02 20 33 07.58 +41 19 47.8      
45        69.05 20 33 18.08 +41 19 08.7      
46        69.12 20 33 05.88 +41 19 04.9      
47        69.93 20 33 12.38 +41 17 50.2      
48        70.04 20 33 06.136 +41 18 36.76    
49        70.08 20 33 18.01 +41 19 18.1      
50        72.45 20 33 13.59 +41 17 49.8      
51        72.76 20 33 10.640 +41 17 48.87    
52        73.24 20 33 17.9772 +41 18 31.218  
53        73.29 20 33 08.07 +41 18 01.6      
54        73.69 20 33 06.640 +41 18 17.78    
55        75.57 20 33 18.62 +41 19 12.2      
56        77.12 20 33 17.90 +41 18 20.9      
57        78.19 20 33 15.41 +41 17 51.9      
58        78.67 20 33 18.675 +41 19 23.11    
59        79.01 20 33 14.770 +41 20 12.59    
60        79.43 20 33 07.37 +41 18 00.1      
61        79.85 20 33 10.050 +41 17 43.23    
62        80.84 20 33 05.41 +41 19 32.0      
63        80.95 20 33 19.160 +41 19 06.78    
64        81.49 20 33 15.909 +41 17 51.44    
65        83.50 20 33 12.04 +41 20 23.5      
66        83.58 20 33 05.02 +41 18 31.7      
67        85.30 20 33 11.98 +41 17 34.7      
68        85.33 20 33 14.1115 +41 20 21.946  
69        85.86 20 33 19.60 +41 19 06.4      
70        85.89 20 33 07.57 +41 17 50.1      
71        85.98 20 33 17.530 +41 18 00.75    
72        86.82 20 33 07.12 +41 20 07.2      
73        86.89 20 33 18.246 +41 19 50.99    
74        87.18 20 33 15.51 +41 20 17.7      
75        87.80 20 33 15.712 +41 20 17.20    
76        89.36 20 33 05.0 +41 18 18         
77        89.68 20 33 16.24 +41 20 15.9      
78        90.05 20 33 04.43 +41 18 31.1      
79        90.90 20 33 11.34 +41 17 29.4      
80        91.33 20 33 11.049 +41 20 30.70    
81        93.05 20 33 14.29 +41 17 30.6      
82        93.29 20 33 17.78 +41 17 53.2      
83        93.62 20 33 13.28 +41 17 27.5      
84        93.93 20 33 08.49 +41 17 34.8      
85        94.80 20 33 20.030 +41 18 31.68    
86        95.61 20 33 20.486 +41 18 58.91    
87        96.07 20 33 15.89 +41 20 25.5      
88        96.60 20 33 20.41 +41 18 41.2      
89        99.11 20 33 20.410 +41 19 29.10    
90       100.03 20 33 20.80 +41 18 46.7      
91       101.61 20 33 20.161 +41 19 43.28    
92       101.72 20 33 06.29 +41 20 18.8      
93       102.34 20 33 19.62 +41 18 04.3      
94       102.53 20 33 04.64 +41 17 59.7      
95       102.99 20 33 05.192 +41 17 51.28    
96       103.15 20 33 16.007 +41 17 27.26    
97       103.26 20 33 19.24 +41 17 56.7      
98       104.02 20 33 17.67 +41 20 22.1      
99       104.59 20 33 10.030 +41 20 42.21    
100      104.86 20 33 07.160 +41 17 30.44    
101      104.90 20 33 21.23 +41 18 46.2      
102      105.02 20 33 15.11 +41 17 21.0      
103      105.55 20 33 07.47 +41 20 32.4      
104      105.78 20 33 14.930 +41 17 19.50    
105      106.39 20 33 11.436 +41 17 13.80    
106      106.41 20 33 21.27 +41 18 39.6      
107      106.44 20 33 20.65 +41 18 17.2      
108      106.66 20 33 13.85 +41 17 15.4      
109      107.33 20 33 18.29 +41 17 39.4      
110      108.67 20 33 19.46 +41 20 08.9      
111      108.76 20 33 06.81 +41 17 28.3      
112      108.83 20 33 11.290 +41 17 11.46    
113      108.84 20 33 16.22 +41 17 22.1      
114      110.08 20 33 19.148 +41 17 44.96    
115      110.51 20 33 02.24 +41 18 49.0      
116      111.16 20 33 17.51 +41 17 27.8      
117      111.60 20 33 02.49 +41 18 28.8      
118      111.89 20 33 16.569 +41 20 39.35    
119      112.05 20 33 18.11 +41 17 31.6      
120      113.60 20 33 02.31 +41 18 28.6      
121      114.68 20 33 19.420 +41 17 41.50    
122      115.16 20 33 20.00 +41 20 11.7      
123      115.55 20 33 21.102 +41 19 53.29    
124      116.93 20 33 20.96 +41 18 01.0      
125      117.57 20 33 14.170 +41 20 55.00    
126      118.67 20 33 10.468 +41 20 57.41    
127      118.96 20 33 15.9 +41 17 09         
128      119.23 20 33 17.54 +41 20 41.6      
129      119.31 20 33 08.960 +41 17 05.71    
130      120.00 20 33 22.224 +41 18 26.39    
131      120.48 20 33 21.12 +41 17 57.1      
132      120.61 20 33 21.39 +41 18 02.1      
133      121.54 20 33 18.66 +41 17 24.4      
134      122.12 20 33 01.98 +41 19 46.6      
135      122.51 20 33 10.3 +41 21 01         
136      122.91 20 33 22.91 +41 19 00.2      
137      123.16 20 33 06.16 +41 17 15.9      
138      123.57 20 33 03.90 +41 17 36.7      
139      124.71 20 33 22.350 +41 18 15.80    
140      125.10 20 33 10.60 +41 21 04.1      
141      125.83 20 33 18.10 +41 17 14.6      
142      126.76 20 33 17.482 +41 17 09.31    
143      126.86 20 33 23.230 +41 19 09.29    
144      127.01 20 33 16.59 +41 17 04.0      
145      127.95 20 33 02.922 +41 17 43.13    
146      128.39 20 33 08.02 +41 16 59.7      
147      128.52 20 33 17.805 +41 17 09.37    
148      128.63 20 33 23.363 +41 19 12.63    
149      128.66 20 33 00.58 +41 18 59.4      
150      128.79 20 33 03.030 +41 17 40.19    
151      129.26 20 33 21.020 +41 17 40.14    
152      129.35 20 33 22.057 +41 17 57.63    
153      130.33 20 33 16.45 +41 16 59.7      
154      130.50 20 33 12.07 +41 16 49.5      
155      131.76 20 33 01.55 +41 19 59.2      
156      133.19 20 33 09.55 +41 21 10.3      
157      133.24 20 33 17.12 +41 16 59.9      
158      133.27 20 33 11.62 +41 16 46.8      
159      133.34 20 33 20.44 +41 20 33.5      
160      134.05 20 33 12.661 +41 16 46.16    
161      134.06 20 33 02.50 +41 17 39.3      
162      134.91 20 33 01.69 +41 17 51.4      
163      135.50 20 33 08.685 +41 21 10.25    
164      135.74 20 33 05.95 +41 20 57.4      
165      135.85 20 33 16.500 +41 16 53.97    
166      136.80 20 33 17.868 +41 20 59.77    
167      137.45 20 33 15.498 +41 21 11.68    
168      137.47 20 33 12.90 +41 21 17.1      
169      137.90 20 33 22.247 +41 17 44.60    
170      138.00 20 33 20.515 +41 17 20.82    
171      138.05 20 33 20.77 +41 17 23.6      
172      138.11 20 33 18.72 +41 17 04.5      
173      138.42 20 33 19.35 +41 17 09.1      
174      138.56 20 33 01.07 +41 17 56.5      
175      138.72 20 33 20.190 +41 17 16.44    
176      138.84 20 33 01.93 +41 17 40.0      
177      139.17 20 33 21.70 +41 20 26.2      
178      139.51 20 33 16.82 +41 16 51.5      
179      139.90 20 33 17.390 +41 16 53.97    
180      140.08 20 33 04.419 +41 17 08.98    
181      140.60 20 33 11.19 +41 16 39.7      
182      141.69 20 33 07.02 +41 16 49.9      
183      141.80 20 33 15.840 +41 21 15.04    
184      142.52 20 33 24.63 +41 19 08.1      
185      142.65 20 33 21.95 +41 17 31.8      
186      142.79 20 33 20.47 +41 17 13.8      
187      143.72 20 33 24.56 +41 18 34.9      
188      143.75 20 33 19.300 +41 17 02.11    
189      143.79 20 33 08.70 +41 16 41.1      
190      144.12 20 33 08.040 +41 16 42.96    
191      144.24 20 33 09.03 +41 16 39.7      
192      144.28 20 33 12.8 +41 16 36         
193      144.40 20 33 22.48 +41 17 36.9      
194      144.59 20 33 06.910 +41 16 47.28    
195      144.64 20 33 19.14 +41 16 59.8      
196      144.89 20 33 12.66 +41 16 35.3      
197      145.05 20 33 24.25 +41 18 15.4      
198      145.55 20 32 59.60 +41 19 40.9      
199      146.29 20 33 24.44 +41 18 18.1      
200      146.30 20 33 06.617 +41 21 13.15    
201      147.24 20 33 23.390 +41 17 47.83    
202      148.03 20 32 58.97 +41 18 41.0      
203      148.03 20 33 21.92 +41 20 37.1      
204      148.56 20 33 23.78 +41 20 06.8      
205      148.83 20 33 23.54 +41 17 47.6      
206      149.22 20 33 00.68 +41 20 17.5      
207      149.26 20 33 23.343 +41 20 17.16    
208      149.41 20 32 59.1664 +41 19 37.717  
209      149.96 20 33 19.68 +41 21 02.5      
210      150.09 20 33 00.92 +41 17 36.7      
211      150.25 20 33 20.57 +41 17 04.9      
212      150.82 20 33 21.050 +41 17 08.88    
213      150.84 20 33 19.18 +41 16 52.7      
214      151.78 20 33 13.275 +41 21 31.10    
215      151.95 20 33 06.04 +41 16 43.7      
216      152.00 20 33 17.010 +41 21 21.14    
217      152.33 20 33 15.64 +41 16 33.3      
218      152.83 20 33 09.640 +41 21 30.50    
219      153.20 20 33 04.750 +41 16 50.41    
220      153.22 20 33 15.320 +41 21 28.59    
221      153.59 20 33 25.13 +41 18 18.7      
222      154.29 20 33 07.060 +41 16 36.10    
223      154.65 20 33 14.06 +41 16 27.1      
224      154.94 20 33 19.936 +41 21 06.56    
225      154.96 20 33 24.34 +41 17 51.6      
226      155.40 20 33 13.56 +41 21 34.4      
227      155.51 20 33 25.607 +41 19 26.16    
228      156.17 20 33 25.85 +41 18 53.6      
229      156.40 20 33 00.780 +41 20 32.13    
230      156.68 20 33 17.453 +41 21 24.14    
231      157.28 20 33 17.01 +41 16 33.2      
232      157.74 20 33 24.890 +41 20 01.64    
233      157.84 20 33 26.01 +41 19 01.5      
234      158.06 20 33 00.42 +41 17 30.8      
235      158.26 20 32 59.04 +41 17 59.0      
236      158.32 20 33 19.81 +41 16 48.4      
237      158.38 20 33 21.100 +41 16 59.30    
238      158.83 20 33 15.59 +41 21 33.6      
239      158.90 20 33 20.58 +41 16 53.9      
240      158.97 20 33 00.420 +41 20 30.88    
241      159.08 20 33 12.84 +41 16 21.2      
242      160.69 20 33 05.80 +41 16 35.3      
243      160.72 20 33 17.015 +41 21 30.47    
244      161.88 20 33 20.29 +41 16 47.8      
245      162.04 20 33 15.89 +41 16 24.0      
246      162.32 20 33 08.66 +41 16 22.1      
247      163.02 20 33 22.462 +41 20 52.65    
248      163.14 20 33 23.45 +41 20 39.9      
249      163.17 20 33 07.14 +41 16 26.3      
250      163.17 20 33 11.57 +41 16 16.9      
251      163.98 20 32 58.204 +41 18 07.78    
252      164.05 20 33 09.30 +41 16 18.8      
253      165.20 20 32 58.370 +41 20 00.96    
254      166.45 20 33 03.15 +41 21 13.3      
255      167.50 20 32 59.850 +41 20 36.57    
256      167.89 20 33 24.41 +41 20 33.0      
257      168.48 20 33 17.329 +41 21 37.43    
258      169.36 20 33 18.74 +41 21 31.4      
259      170.25 20 33 26.33 +41 18 06.0      
260      170.36 20 33 19.63 +41 21 27.1      
261      170.38 20 33 16.1 +41 21 44         
262      170.79 20 33 16.300 +41 21 43.78    
263      170.80 20 33 18.0378 +41 21 36.685  
264      173.16 20 33 20.100 +41 16 32.85    
265      174.29 20 33 19.06 +41 21 35.1      
266      174.55 20 33 27.13 +41 18 22.5      
267      176.23 20 33 05.27 +41 21 39.1      
268      177.71 20 32 58.16 +41 17 34.8      
269      178.55 20 33 07.91 +41 16 07.5      
270      179.80 20 33 03.23 +41 16 29.8      
271      180.66 20 33 00.290 +41 16 56.61    
272      181.32 20 33 25.485 +41 20 39.02    
273      181.60 20 32 59.26 +41 20 51.3      
274      182.67 20 33 24.26 +41 17 00.5      
275      183.12 20 33 00.38 +41 16 52.0      
276      183.65 20 33 03.17 +41 21 34.4      
277      184.18 20 33 07.080 +41 16 04.36    
278      184.29 20 33 05.50 +41 16 10.9      
279      184.99 20 33 26.87 +41 17 41.6      
280      185.05 20 33 04.882 +41 16 13.24    
281      185.08 20 33 27.25 +41 20 08.9      
282      185.59 20 33 25.4 +41 20 48         
283      185.90 20 33 15.00 +41 15 57.2      
284      186.32 20 33 15.025 +41 22 03.18    
285      186.49 20 33 10.30 +41 22 05.5      
286      186.60 20 33 22.863 +41 21 20.89    
287      186.72 20 33 01.04 +41 21 20.1      
288      186.74 20 33 28.52 +41 19 15.3      
289      186.84 20 33 04.570 +41 16 12.98    
290      186.98 20 33 25.97 +41 17 19.1      
291      187.28 20 33 28.229 +41 18 19.53    
292      187.60 20 33 04.28 +41 16 13.8      
293      187.60 20 32 55.36 +41 18 52.9      
294      187.94 20 33 24.320 +41 21 06.76    
295      188.41 20 33 06.610 +41 21 58.36    
296      188.47 20 33 06.5 +41 21 58         
297      188.50 20 32 56.69 +41 20 16.1      
298      188.81 20 33 18.65 +41 16 06.7      
299      189.05 20 33 28.45 +41 19 37.4      
300      190.33 20 33 20.47 +41 21 44.7      
301      190.86 20 33 27.55 +41 20 15.8      
302      190.96 20 33 05.26 +41 16 04.8      
303      191.24 20 32 55.37 +41 18 21.7      
304      191.93 20 33 21.84 +41 21 36.7      
305      192.06 20 33 08.87 +41 22 08.8      
306      192.27 20 33 20.36 +41 16 12.4      
307      192.69 20 32 56.67 +41 20 25.5      
308      194.06 20 33 23.98 +41 16 40.6      
309      194.44 20 33 15.644 +41 22 10.06    
310      194.99 20 33 04.31 +41 21 54.7      
311      195.47 20 33 10.19 +41 15 45.6      
312      195.90 20 33 09.85 +41 22 14.4      
313      196.61 20 33 13.93 +41 22 15.4      
314      197.13 20 32 57.330 +41 20 47.51    
315      197.16 20 33 29.50 +41 18 59.0      
316      197.91 20 32 55.6 +41 20 11         
317      198.09 20 32 54.65 +41 19 32.2      
318      198.10 20 33 00.78 +41 16 27.5      
319      198.19 20 33 26.80 +41 20 47.2      
320      198.28 20 33 00.91 +41 21 34.0      
321      199.24 20 33 12.7769 +41 15 40.957  
322      199.31 20 33 29.646 +41 18 45.88    
323      199.32 20 33 13.0 +41 22 19         
324      200.62 20 33 12.61 +41 15 39.5      
325      201.04 20 33 08.332 +41 15 43.26    
326      201.04 20 33 13.04 +41 15 39.3      
327      201.51 20 33 07.70 +41 15 44.4      
328      201.71 20 33 21.5 +41 21 51         
329      201.90 20 33 10.580 +41 15 38.74    
330      202.06 20 32 55.260 +41 17 47.54    
331      202.96 20 33 08.08 +41 22 18.1      
332      203.16 20 33 10.508 +41 22 22.46    
333      203.47 20 33 27.23 +41 17 10.7      
334      203.69 20 33 18.38 +41 22 10.6      
335      203.73 20 33 29.44 +41 18 06.2      
336      204.53 20 33 06.22 +41 22 13.9      
337      204.62 20 33 16.68 +41 15 42.3      
338      205.32 20 33 28.45 +41 17 31.7      
339      205.32 20 33 08.980 +41 15 37.52    
340      207.04 20 33 20.011 +41 22 06.35    
341      207.58 20 33 22.070 +41 21 53.86    
342      207.80 20 33 10.240 +41 15 33.15    
343      208.19 20 33 18.820 +41 22 13.51    
344      208.52 20 33 10.46 +41 15 32.2      
345      208.87 20 33 30.54 +41 19 00.8      
346      208.92 20 33 23.020 +41 16 12.00    
347      209.30 20 33 29.63 +41 20 06.1      
348      210.58 20 33 08.92 +41 22 27.7      
349      210.94 20 33 30.463 +41 18 25.06    
350      211.23 20 32 53.42 +41 19 28.4      
351      211.87 20 33 15.19 +41 15 31.2      
352      212.75 20 32 59.34 +41 21 37.9      
353      213.24 20 33 01.56 +41 21 57.9      
354      213.85 20 33 24.09 +41 21 44.9      
355      215.54 20 33 23.64 +41 21 51.1      
356      216.46 20 33 01.28 +41 16 00.4      
357      216.96 20 33 27.46 +41 16 50.7      
358      217.49 20 33 08.10 +41 15 27.0      
359      217.70 20 33 18.534 +41 15 35.14    
360      217.70 20 33 02.33 +41 22 08.5      
361      217.96 20 33 13.91 +41 22 36.9      
362      218.50 20 33 29.49 +41 20 34.5      
363      219.75 20 33 31.5 +41 18 55         
364      220.26 20 33 15.30 +41 15 22.9      
365      220.54 20 33 06.740 +41 15 27.58    
366      220.63 20 33 27.56 +41 16 46.1      
367      221.18 20 33 15.462 +41 22 37.72    
368      221.42 20 32 57.22 +41 21 26.0      
369      221.45 20 33 22.37 +41 15 51.9      
370      221.74 20 32 54.19 +41 17 25.7      
371      222.03 20 33 31.7 +41 18 54         
372      222.36 20 33 30.515 +41 20 17.13    
373      222.42 20 33 25.068 +41 21 46.76    
374      222.56 20 32 56.479 +41 16 42.39    
375      222.76 20 32 52.84 +41 19 55.1      
376      222.77 20 33 11.23 +41 22 42.6      
377      222.85 20 33 28.25 +41 16 53.0      
378      222.93 20 32 53.51 +41 20 19.5      
379      223.94 20 32 55.7 +41 21 08         
380      224.08 20 33 27.95 +41 16 46.2      
381      224.25 20 32 58.26 +41 16 17.8      
382      225.90 20 32 57.93 +41 16 19.1      
383      225.93 20 33 07.18 +41 15 20.7      
384      226.34 20 32 52.10 +41 18 29.0      
385      227.59 20 32 52.18 +41 18 16.1      
386      227.74 20 32 58.26 +41 21 47.1      
387      228.42 20 33 08.66 +41 15 14.7      
388      229.00 20 32 55.150 +41 16 51.99    
389      229.37 20 33 12.78 +41 15 10.8      
390      229.44 20 33 22.451 +41 22 16.95    
391      229.68 20 33 00.530 +41 15 50.15    
392      230.70 20 33 30.53 +41 17 21.9      
393      230.76 20 33 08.250 +41 15 13.14    
394      230.98 20 33 14.045 +41 22 49.83    
395      231.13 20 33 31.05 +41 20 25.9      
396      231.25 20 33 23.92 +41 22 08.3      
397      231.73 20 33 26.290 +41 21 46.73    
398      232.02 20 33 27.43 +41 16 26.4      
399      232.22 20 33 10.7362 +41 15 08.220  
400      233.13 20 33 06.11 +41 22 43.5      
401      233.27 20 33 15.80 +41 15 10.7      
402      233.50 20 33 25.45 +41 21 57.7      
403      233.64 20 33 02.27 +41 15 33.7      
404      233.72 20 33 24.744 +41 22 04.46    
405      233.92 20 33 24.61 +41 15 54.2      
406      234.26 20 33 32.15 +41 18 02.3      
407      234.55 20 33 00.32 +41 22 14.2      
408      234.70 20 32 53.94 +41 17 03.1      
409      234.84 20 32 52.520 +41 17 36.53    
410      235.44 20 33 28.28 +41 21 27.7      
411      237.35 20 32 57.950 +41 21 56.92    
412      237.87 20 33 12.52 +41 15 02.2      
413      238.03 20 33 19.48 +41 15 17.4      
414      238.18 20 33 10.740 +41 15 02.24    
415      238.45 20 33 05.09 +41 22 45.4      
416      238.69 20 32 51.949 +41 20 17.22    
417      238.81 20 33 03.03 +41 22 36.4      
418      239.85 20 33 25.63 +41 15 55.8      
419      240.07 20 33 02.953 +41 15 22.66    
420      240.20 20 33 16.922 +41 22 53.72    
421      240.26 20 33 32.120 +41 20 19.76    
422      240.32 20 33 17.15 +41 15 06.8      
423      240.98 20 33 22.702 +41 22 28.68    
424      241.36 20 33 20.210 +41 22 42.95    
425      242.04 20 33 28.106 +41 21 40.26    
426      242.06 20 33 23.78 +41 15 37.6      
427      243.01 20 33 33.52 +41 19 16.6      
428      243.50 20 33 06.860 +41 15 03.49    
429      245.75 20 33 07.11 +41 22 59.5      
430      246.43 20 33 14.685 +41 23 04.57    
431      246.54 20 33 33.41 +41 18 09.1      
432      246.79 20 33 12.60 +41 14 53.3      
433      247.22 20 33 26.66 +41 15 56.1      
434      247.30 20 33 31.779 +41 20 47.35    
435      247.43 20 32 50.14 +41 18 36.3      
436      247.48 20 33 04.75 +41 15 06.4      
437      247.78 20 33 26.09 +41 15 49.8      
438      248.61 20 33 31.446 +41 20 57.62    
439      248.62 20 33 34.02 +41 18 43.8      
440      249.10 20 33 02.88 +41 15 13.1      
441      249.43 20 32 58.400 +41 15 43.23    
442      249.52 20 33 24.81 +41 22 23.6      
443      249.70 20 33 11.95 +41 23 09.7      
444      249.76 20 33 24.53 +41 15 34.0      
445      250.01 20 32 51.14 +41 20 25.4      
446      250.09 20 33 33.939 +41 19 38.25    
447      250.15 20 33 25.03 +41 15 37.5      
448      250.18 20 32 51.56 +41 20 37.9      
449      250.55 20 32 52.61 +41 21 02.8      
450      250.68 20 33 29.23 +41 21 38.7      
451      250.70 20 33 14.17 +41 14 50.5      
452      251.02 20 33 34.27 +41 18 52.1      
453      251.83 20 32 51.77 +41 17 13.0      
454      252.72 20 32 50.46 +41 17 49.7      
455      253.01 20 32 50.43 +41 17 49.7      
456      253.12 20 33 28.750 +41 16 11.38    
457      253.12 20 33 25.58 +41 22 21.7      
458      253.32 20 33 26.62 +41 15 47.6      
459      253.35 20 33 17.41 +41 14 54.1      
460      253.81 20 33 21.740 +41 15 11.16    
461      254.19 20 33 33.09 +41 17 29.8      
462      254.39 20 33 16.488 +41 23 09.32    
463      254.41 20 33 11.09 +41 14 45.8      
464      254.54 20 33 14.140 +41 14 46.61    
465      254.72 20 33 06.200 +41 14 53.81    
466      255.08 20 33 22.20 +41 15 12.3      
467      255.57 20 33 15.874 +41 14 48.19    
468      256.35 20 33 34.339 +41 18 11.38    
469      257.03 20 33 30.43 +41 21 31.6      
470      257.25 20 33 18.47 +41 14 53.3      
471      257.52 20 33 22.264 +41 22 50.13    
472      259.01 20 32 49.03 +41 19 11.1      
473      259.26 20 33 12.837 +41 14 40.91    
474      260.38 20 33 30.55 +41 21 35.4      
475      261.71 20 33 29.33 +41 16 05.8      
476      261.84 20 33 16.88 +41 14 44.0      
477      262.03 20 32 59.17 +41 22 38.6      
478      262.43 20 33 01.69 +41 15 04.7      
479      262.49 20 32 58.59 +41 15 25.4      
480      262.64 20 33 18.45 +41 23 12.4      
481      262.81 20 33 22.764 +41 22 53.19    
482      262.87 20 32 56.71 +41 15 41.5      
483      263.17 20 33 31.95 +41 16 43.2      
484      263.79 20 33 16.25 +41 14 40.6      
485      263.93 20 33 34.3 +41 20 21         
486      264.47 20 33 25.64 +41 15 24.8      
487      264.90 20 32 59.643 +41 15 14.67    
488      265.78 20 33 01.74 +41 15 00.7      
489      265.79 20 33 35.35 +41 18 22.2      
490      266.38 20 33 20.58 +41 14 51.8      
491      266.45 20 33 31.48 +41 21 31.2      
492      266.77 20 33 15.596 +41 23 23.68    
493      266.82 20 33 08.030 +41 14 36.96    
494      266.92 20 33 08.560 +41 14 35.91    
495      267.76 20 33 08.36 +41 14 35.4      
496      267.93 20 33 30.28 +41 16 08.7      
497      268.36 20 33 32.30 +41 16 39.7      
498      268.49 20 33 32.16 +41 21 23.3      
499      268.97 20 33 01.28 +41 14 59.7      
500      269.41 20 33 16.974 +41 23 23.52    
501      269.82 20 33 01.580 +41 23 02.97    
502      269.89 20 33 26.13 +41 22 38.0      
503      270.23 20 33 01.25 +41 23 01.6      
504      270.57 20 33 29.74 +41 15 57.7      
505      270.89 20 33 07.64 +41 23 26.4      
506      271.22 20 33 10.030 +41 14 29.69    
507      271.36 20 33 09.610 +41 14 29.98    
508      271.80 20 33 04.68 +41 23 19.0      
509      271.82 20 33 36.02 +41 18 34.5      
510      272.12 20 33 05.17 +41 14 39.0      
511      272.42 20 33 11.667 +41 23 32.39    
512      272.53 20 33 09.36 +41 14 29.1      
513      274.07 20 33 18.886 +41 14 37.15    
514      274.75 20 32 54.40 +41 15 49.9      
515      274.88 20 33 34.79 +41 20 38.3      
516      274.99 20 33 31.22 +41 16 10.6      
517      275.52 20 33 27.33 +41 15 25.4      
518      276.34 20 33 05.108 +41 23 25.22    
519      276.59 20 33 31.645 +41 21 45.99    
520      276.83 20 33 31.360 +41 16 09.62    
521      277.11 20 32 48.32 +41 17 45.2      
522      277.78 20 33 08.05 +41 23 34.2      
523      277.96 20 33 36.40 +41 18 19.0      
524      278.13 20 33 35.22 +41 17 25.7      
525      278.24 20 33 30.783 +41 22 00.76    
526      279.23 20 33 19.10 +41 14 32.5      
527      279.39 20 33 34.79 +41 20 50.3      
528      279.50 20 32 53.11 +41 15 58.9      
529      279.73 20 33 21.58 +41 23 18.1      
530      280.00 20 33 19.062 +41 14 31.56    
531      280.19 20 32 55.974 +41 22 34.33    
532      280.26 20 32 54.105 +41 15 45.41    
533      280.28 20 33 14.80 +41 14 21.5      
534      280.62 20 33 27.562 +41 22 39.17    
535      281.17 20 33 31.37 +41 16 02.8      
536      281.54 20 33 08.34 +41 14 21.5      
537      282.22 20 33 06.81 +41 23 36.1      
538      283.11 20 33 20.25 +41 14 32.6      
539      283.57 20 33 18.03 +41 14 24.7      
540      283.74 20 33 17.344 +41 14 22.73    
541      284.06 20 32 51.340 +41 16 17.29    
542      284.74 20 32 53.54 +41 15 45.6      
543      285.26 20 33 10.300 +41 23 44.62    
544      285.55 20 33 27.203 +41 15 11.58    
545      286.18 20 32 50.39 +41 16 29.7      
546      286.38 20 33 10.100 +41 14 14.42    
547      286.58 20 33 26.752 +41 22 53.53    
548      286.94 20 32 55.71 +41 15 19.5      
549      287.06 20 33 10.27 +41 14 13.6      
550      287.16 20 33 26.54 +41 15 04.2      
551      287.98 20 32 52.000 +41 16 00.77    
552      288.18 20 32 47.190 +41 17 50.03    
553      288.24 20 32 53.88 +41 15 36.6      
554      288.57 20 33 35.3 +41 21 00         
555      288.57 20 33 23.93 +41 23 15.4      
556      288.68 20 33 35.330 +41 20 59.53    
557      288.92 20 33 05.05 +41 14 21.9      
558      289.02 20 33 32.930 +41 21 47.24    
559      289.99 20 32 46.68 +41 18 08.1      
560      290.10 20 32 46.66 +41 18 08.6      
561      290.29 20 32 50.11 +41 16 27.0      
562      290.35 20 33 25.959 +41 23 04.13    
563      290.48 20 33 35.41 +41 16 58.4      
564      290.54 20 33 04.27 +41 23 37.2      
565      290.75 20 33 24.564 +41 23 14.01    
566      291.25 20 33 22.01 +41 14 31.5      
567      291.47 20 33 37.822 +41 19 18.18    
568      292.03 20 33 27.93 +41 15 09.7      
569      292.09 20 33 04.33 +41 14 21.0      
570      292.25 20 32 55.72 +41 22 47.6      
571      292.37 20 33 27.61 +41 15 06.5      
572      293.76 20 32 46.81 +41 17 44.3      
573      294.29 20 32 54.86 +41 15 18.0      
574      294.66 20 32 50.700 +41 16 09.12    
575      294.73 20 32 54.403 +41 15 22.00    
576      295.43 20 32 52.49 +41 15 42.7      
577      295.76 20 33 01.76 +41 14 27.7      
578      295.96 20 33 36.38 +41 20 50.4      
579      296.82 20 33 38.24 +41 18 33.5      
580      297.03 20 33 18.267 +41 14 11.49    
581      297.76 20 33 33.57 +41 21 52.2      
582      298.04 20 33 20.680 +41 14 18.48    
583      298.08 20 32 48.02 +41 16 54.2      
584      298.74 20 33 34.060 +41 21 45.90    
585      298.84 20 33 34.564 +41 21 37.25    
586      299.19 20 33 16.63 +41 14 05.4      
587      299.23 20 33 34.560 +41 16 22.22    
588      299.71 20 33 06.334 +41 14 07.18    
589      299.71 20 33 37.410 +41 20 28.93    
590      299.78 20 33 20.769 +41 14 16.99    
591      300.05 20 33 38.513 +41 19 28.61    
592      300.11 20 33 38.61 +41 19 14.0      
593      301.25 20 33 04.230 +41 14 11.76    
594      301.48 20 33 28.36 +41 15 01.5      
595      302.62 20 33 00.97 +41 14 24.1      
596      302.95 20 33 31.2 +41 15 28         
597      303.07 20 33 31.69 +41 15 33.6      
598      303.10 20 32 57.30 +41 14 46.2      
599      303.14 20 33 32.48 +41 15 43.5      
600      303.37 20 33 30.7856 +41 15 22.742  
601      303.41 20 33 31.370 +41 15 29.31    
602      305.39 20 32 46.15 +41 20 32.1      
603      305.48 20 33 11.821 +41 24 05.47    
604      305.59 20 33 02.326 +41 23 45.52    
605      305.85 20 32 53.775 +41 15 13.40    
606      306.21 20 32 44.84 +41 18 48.4      
607      306.43 20 33 39.1024 +41 19 26.011  
608      306.63 20 33 39.06 +41 19 33.1      
609      306.68 20 33 04.38 +41 14 05.6      
610      307.44 20 33 39.27 +41 19 11.8      
611      307.58 20 33 05.139 +41 23 57.72    
612      307.84 20 33 37.56 +41 20 49.0      
613      307.89 20 33 09.396 +41 13 53.51    
614      307.92 20 32 49.38 +41 16 07.3      
615      308.36 20 33 38.62 +41 20 11.9      
616      308.78 20 33 30.58 +41 15 13.1      
617      308.83 20 32 54.02 +41 22 53.2      
618      309.23 20 33 35.050 +41 16 12.25    
619      309.75 20 33 38.16 +41 20 35.5      
620      309.91 20 32 47.82 +41 16 32.4      
621      310.05 20 32 56.84 +41 14 41.3      
622      311.69 20 32 46.82 +41 21 09.3      
623      311.71 20 33 37.480 +41 21 01.66    
624      311.96 20 33 11.48 +41 13 48.1      
625      312.22 20 33 29.650 +41 23 00.79    
626      312.36 20 33 39.650 +41 19 23.34    
627      312.42 20 32 59.76 +41 14 19.7      
628      312.49 20 32 59.0 +41 14 24         
629      312.95 20 33 06.35 +41 13 53.6      
630      312.98 20 33 21.828 +41 23 52.77    
631      313.03 20 32 54.32 +41 14 58.6      
632      313.81 20 32 46.52 +41 16 53.4      
633      314.04 20 32 50.260 +41 22 16.68    
634      314.33 20 33 09.380 +41 13 47.06    
635      314.35 20 33 32.73 +41 15 29.7      
636      314.51 20 33 23.49 +41 14 13.4      
637      314.91 20 33 13.88 +41 13 45.8      
638      316.10 20 33 19.10 +41 13 54.2      
639      316.22 20 32 48.45 +41 16 08.1      
640      316.24 20 33 24.43 +41 14 16.5      
641      316.59 20 32 46.78 +41 21 19.8      
642      316.84 20 32 45.29 +41 17 21.0      
643      317.14 20 32 56.33 +41 14 36.6      
644      317.69 20 32 45.080 +41 17 25.62    
645      319.40 20 33 09.757 +41 13 41.60    
646      319.62 20 33 05.61 +41 13 48.6      
647      319.67 20 32 50.12 +41 15 36.6      
648      319.96 20 33 20.36 +41 24 05.8      
649      320.12 20 33 38.83 +41 17 14.8      
650      320.37 20 33 10.84 +41 13 39.9      
651      320.41 20 32 54.57 +41 14 46.9      
652      321.02 20 32 49.236 +41 15 47.05    
653      321.20 20 32 45.590 +41 16 59.20    
654      321.26 20 33 10.17 +41 13 39.4      
655      321.38 20 33 13.20 +41 13 38.9      
656      321.60 20 33 19.43 +41 13 49.5      
657      321.60 20 33 02.59 +41 13 56.4      
658      321.66 20 32 44.27 +41 17 43.6      
659      321.70 20 33 03.918 +41 24 08.56    
660      321.71 20 32 45.81 +41 21 08.4      
661      322.17 20 33 07.64 +41 13 41.6      
662      322.69 20 33 07.350 +41 13 41.60    
663      322.93 20 33 37.84 +41 16 40.4      
664      322.94 20 32 48.05 +41 21 57.6      
665      323.19 20 33 34.8 +41 15 44         
666      323.34 20 33 35.620 +41 15 56.48    
667      323.37 20 33 15.39 +41 13 38.9      
668      323.45 20 33 17.34 +41 13 42.2      
669      323.54 20 33 10.110 +41 13 37.16    
670      324.00 20 32 55.7 +41 23 27         
671      324.84 20 32 45.69 +41 16 47.3      
672      324.89 20 32 55.483 +41 23 26.39    
673      324.95 20 32 51.36 +41 22 47.1      
674      325.68 20 33 40.78 +41 19 30.8      
675      326.27 20 33 19.18 +41 24 16.1      
676      326.42 20 33 23.557 +41 23 59.36    
677      326.53 20 33 37.54 +41 16 25.8      
678      326.61 20 32 49.40 +41 22 24.7      
679      326.94 20 33 40.96 +41 18 39.3      
680      327.01 20 32 49.54 +41 15 33.0      
681      327.28 20 33 04.50 +41 24 16.2      
682      327.84 20 32 58.32 +41 23 49.4      
683      328.39 20 32 42.88 +41 19 14.8      
684      328.41 20 33 37.001 +41 16 11.30    
685      329.68 20 32 56.671 +41 23 40.89    
686      330.47 20 33 04.68 +41 13 40.0      
687      330.54 20 33 04.83 +41 13 39.5      
688      330.63 20 33 09.020 +41 13 31.08    
689      331.45 20 33 19.9540 +41 13 40.913  
690      331.57 20 33 13.265 +41 13 28.74    
691      331.78 20 33 10.59 +41 13 28.6      
692      331.79 20 33 39.67 +41 17 06.6      
693      332.22 20 33 15.4 +41 13 30         
694      332.34 20 33 24.793 +41 23 59.51    
695      332.37 20 32 54.31 +41 14 34.1      
696      332.61 20 33 15.400 +41 13 29.61    
697      332.82 20 32 58.45 +41 14 04.3      
698      332.88 20 32 43.100 +41 17 50.96    
699      332.97 20 33 05.19 +41 13 36.0      
700      333.25 20 33 41.58 +41 18 59.0      
701      334.03 20 33 08.900 +41 13 27.80    
702      334.15 20 33 08.540 +41 13 28.13    
703      334.30 20 33 15.24 +41 13 27.7      
704      334.39 20 33 28.76 +41 14 24.1      
705      334.46 20 32 43.14 +41 17 41.8      
706      334.72 20 32 43.94 +41 17 10.2      
707      334.80 20 33 09.95 +41 13 26.0      
708      334.98 20 33 06.41 +41 13 31.0      
709      335.21 20 33 29.18 +41 14 26.4      
710      336.15 20 33 07.93 +41 13 27.0      
711      336.19 20 32 46.897 +41 15 58.39    
712      336.27 20 33 18.92 +41 13 32.9      
713      336.32 20 33 28.980 +41 23 36.69    
714      336.49 20 33 10.610 +41 13 23.88    
715      336.65 20 32 42.894 +41 20 16.45    
716      337.15 20 32 49.99 +41 15 11.7      
717      337.47 20 32 50.756 +41 15 02.21    
718      337.53 20 33 23.38 +41 13 47.8      
719      337.82 20 33 38.40 +41 16 20.0      
720      338.16 20 33 10.220 +41 13 22.44    
721      338.64 20 32 54.35 +41 23 34.2      
722      338.77 20 33 30.91 +41 14 36.7      
723      339.05 20 33 03.660 +41 13 34.25    
724      340.20 20 32 42.480 +41 17 48.59    
725      340.44 20 33 10.66 +41 13 19.9      
726      340.55 20 32 57.82 +41 13 59.3      
727      340.55 20 33 20.073 +41 24 28.20    
728      340.91 20 32 48.91 +41 15 19.8      
729      340.92 20 33 09.430 +41 13 20.31    
730      340.95 20 33 36.69 +41 15 43.0      
731      341.15 20 33 13.230 +41 13 19.13    
732      341.25 20 33 22.61 +41 13 40.4      
733      341.50 20 33 32.812 +41 23 08.40    
734      341.58 20 33 18.05 +41 13 25.3      
735      342.11 20 33 11.070 +41 13 18.05    
736      342.20 20 33 23.233 +41 13 42.09    
737      342.46 20 33 17.87 +41 13 24.0      
738      342.86 20 33 08.75 +41 13 19.1      
739      343.03 20 33 15.680 +41 13 19.49    
740      343.28 20 33 39.86 +41 16 41.2      
741      343.41 20 32 59.770 +41 13 45.48    
742      343.69 20 33 08.799 +41 13 18.21    
743      343.72 20 33 08.87 +41 13 18.1      
744      344.49 20 33 13.328 +41 24 44.17    
745      344.66 20 33 28.48 +41 14 09.7      
746      345.00 20 32 56.61 +41 14 01.8      
747      345.04 20 32 50.12 +41 14 58.7      
748      345.56 20 33 07.160 +41 13 18.78    
749      345.56 20 32 43.340 +41 16 57.12    
750      345.68 20 32 41.33 +41 18 50.2      
751      345.71 20 33 21.82 +41 13 32.5      
752      345.80 20 33 03.040 +41 13 29.28    
753      346.03 20 33 18.46 +41 24 38.3      
754      347.48 20 33 41.52 +41 20 40.9      
755      347.83 20 33 16.32 +41 13 15.6      
756      347.85 20 33 40.217 +41 16 39.00    
757      347.88 20 33 35.85 +41 15 19.2      
758      348.01 20 33 24.03 +41 13 39.5      
759      348.21 20 33 13.08 +41 13 12.0      
760      348.45 20 33 02.9 +41 13 27         
761      348.99 20 33 07.10 +41 24 44.6      
762      349.55 20 33 18.910 +41 13 19.24    
763      349.74 20 33 01.33 +41 13 31.6      
764      349.79 20 33 21.16 +41 13 25.8      
765      350.42 20 33 10.122 +41 13 10.22    
766      350.43 20 32 54.669 +41 14 09.09    
767      350.49 20 33 04.378 +41 24 39.82    
768      350.52 20 32 45.33 +41 22 00.7      
769      351.18 20 32 50.258 +41 14 48.48    
770      351.19 20 33 15.14 +41 13 10.6      
771      351.33 20 33 40.812 +41 21 14.65    
772      352.06 20 33 20.49 +41 13 21.2      
773      352.11 20 33 09.11 +41 13 09.4      
774      352.30 20 32 52.41 +41 14 25.5      
775      352.43 20 32 41.10 +41 19 55.2      
776      352.68 20 33 34.71 +41 14 57.4      
777      352.74 20 33 02.31 +41 13 24.6      
778      352.90 20 32 44.26 +41 16 16.3      
779      352.97 20 33 09.590 +41 13 08.08    
780      353.65 20 32 42.11 +41 17 12.2      
781      354.09 20 33 10.34 +41 13 06.4      
782      354.33 20 33 13.12 +41 13 05.9      
783      354.33 20 32 50.295 +41 14 43.70    
784      354.40 20 33 43.19 +41 19 46.4      
785      354.44 20 33 19.273 +41 24 44.85    
786      354.58 20 32 41.47 +41 17 34.1      
787      354.59 20 33 39.860 +41 21 45.19    
788      354.72 20 33 10.0 +41 13 06         
789      354.73 20 33 13.690 +41 13 05.78    
790      355.27 20 33 40.590 +41 16 30.32    
791      355.95 20 32 41.07 +41 20 12.9      
792      355.98 20 33 42.68 +41 17 35.1      
793      355.99 20 32 59.190 +41 24 25.47    
794      356.13 20 33 05.360 +41 13 11.83    
795      356.27 20 33 06.1 +41 13 10         
796      356.45 20 33 04.77 +41 13 13.0      
797      356.54 20 32 45.43 +41 15 46.5      
798      357.00 20 33 09.88 +41 13 03.8      
799      357.13 20 33 18.592 +41 24 49.33    
800      357.19 20 33 39.300 +41 15 58.57    
801      357.41 20 33 11.76 +41 13 02.6      
802      357.55 20 33 05.437 +41 13 10.19    
803      358.06 20 33 08.21 +41 13 04.5      
804      359.01 20 33 10.060 +41 13 01.66    
805      359.22 20 33 30.36 +41 14 06.4      
806      359.22 20 33 09.270 +41 13 02.10    
807      359.57 20 33 01.17 +41 13 21.8      
808      360.36 20 33 33.04 +41 14 28.7      
809      360.46 20 33 09.603 +41 13 00.55    
810      360.48 20 33 13.82 +41 13 00.1      
811      361.05 20 33 17.74 +41 13 04.8      
812      361.09 20 33 21.93 +41 13 16.7      
813      361.18 20 33 01.83 +41 13 17.5      
814      361.25 20 32 57.49 +41 24 22.2      
815      361.51 20 32 44.80 +41 15 48.4      
816      361.76 20 33 10.38 +41 12 58.7      
817      362.05 20 33 07.98 +41 13 00.8      
818      362.31 20 33 07.60 +41 13 01.1      
819      362.45 20 33 36.83 +41 15 09.7      
820      362.49 20 33 25.93 +41 13 33.3      
821      362.54 20 33 12.88 +41 12 57.6      
822      362.62 20 33 21.300 +41 13 12.87    
823      362.71 20 33 37.41 +41 22 42.9      
824      363.16 20 33 12.59 +41 12 56.9      
825      363.25 20 33 11.46 +41 12 56.8      
826      363.34 20 33 10.84 +41 12 56.9      
827      363.72 20 33 07.4 +41 13 00         
828      363.76 20 32 42.16 +41 16 41.3      
829      363.78 20 33 41.950 +41 21 16.20    
830      363.78 20 33 17.16 +41 13 00.9      
831      363.98 20 33 07.12 +41 13 00.2      
832      364.12 20 33 05.30 +41 13 03.8      
833      364.30 20 33 08.800 +41 12 57.49    
834      364.33 20 33 44.15 +41 19 39.6      
835      364.68 20 33 09.51 +41 12 56.4      
836      364.82 20 33 16.61 +41 12 58.9      
837      365.63 20 32 40.77 +41 17 20.8      
838      365.79 20 33 07.93 +41 12 57.1      
839      365.85 20 32 57.36 +41 13 33.5      
840      366.18 20 32 40.27 +41 17 40.9      
841      366.63 20 33 12.44 +41 12 53.4      
842      366.88 20 32 39.44 +41 19 06.6      
843      366.89 20 33 14.51 +41 12 54.2      
844      367.57 20 32 52.30 +41 14 07.1      
845      367.59 20 33 32.769 +41 23 43.62    
846      367.66 20 33 09.30 +41 12 53.6      
847      368.03 20 32 47.171 +41 15 01.00    
848      368.03 20 33 41.9 +41 16 32         
849      368.54 20 33 07.910 +41 12 54.36    
850      368.65 20 33 05.29 +41 12 59.2      
851      368.83 20 33 43.47 +41 17 18.6      
852      369.04 20 33 07.470 +41 12 54.51    
853      369.04 20 33 15.9785 +41 12 53.694  
854      369.37 20 33 06.070 +41 12 56.73    
855      370.04 20 33 09.66 +41 12 50.9      
856      370.12 20 33 09.45 +41 12 51.0      
857      370.67 20 32 39.1 +41 19 04         
858      371.32 20 33 06.29 +41 12 54.3      
859      371.85 20 33 05.01 +41 12 56.6      
860      371.94 20 32 48.44 +41 14 39.6      
861      372.12 20 32 38.97 +41 18 59.1      
862      372.36 20 32 51.37 +41 14 09.2      
863      372.53 20 33 25.95 +41 13 22.3      
864      372.94 20 33 09.850 +41 12 47.85    
865      373.56 20 33 23.84 +41 13 11.1      
866      373.83 20 32 54.61 +41 13 41.7      
867      374.32 20 32 53.379 +41 24 10.10    
868      374.50 20 33 11.84 +41 12 45.5      
869      374.50 20 33 34.29 +41 14 22.3      
870      374.69 20 32 40.67 +41 21 06.0      
871      374.77 20 33 39.6 +41 15 31         
872      374.96 20 32 58.670 +41 24 43.62    
873      375.48 20 33 04.26 +41 12 54.8      
874      376.02 20 32 44.92 +41 15 20.4      
875      376.31 20 33 39.87 +41 15 32.8      
876      376.42 20 33 39.5 +41 22 34         
877      376.55 20 32 49.860 +41 23 42.22    
878      376.82 20 33 27.76 +41 13 27.7      
879      377.02 20 33 11.590 +41 12 43.01    
880      377.07 20 33 16.19 +41 12 45.9      
881      377.25 20 32 50.0156 +41 23 44.686  
882      377.30 20 32 48.63 +41 14 29.9      
883      377.35 20 33 39.6 +41 22 34         
884      377.72 20 33 25.950 +41 13 16.58    
885      378.02 20 33 08.910 +41 12 43.59    
886      378.17 20 33 03.56 +41 12 54.0      
887      378.29 20 33 10.990 +41 12 41.88    
888      378.46 20 32 45.83 +41 15 02.9      
889      378.80 20 33 29.48 +41 13 36.5      
890      379.03 20 33 11.57 +41 12 41.0      
891      379.08 20 33 26.85 +41 13 19.9      
892      379.17 20 33 11.35 +41 12 40.9      
893      379.20 20 33 39.710 +41 15 24.95    
894      379.41 20 33 07.84 +41 12 43.5      
895      379.59 20 33 03.4 +41 12 53         
896      379.68 20 33 11.634 +41 25 19.66    
897      380.01 20 33 11.8 +41 25 20         
898      380.78 20 33 10.14 +41 12 39.8      
899      381.23 20 33 11.510 +41 12 38.81    
900      381.41 20 33 36.7 +41 23 21         
901      382.78 20 33 01.270 +41 12 56.84    
902      383.01 20 33 33.523 +41 23 56.61    
903      383.05 20 33 20.59 +41 12 49.4      
904      383.24 20 32 48.45 +41 23 36.7      
905      383.61 20 33 07.218 +41 25 19.81    
906      383.62 20 33 14.22 +41 12 37.2      
907      383.87 20 33 21.29 +41 12 50.7      
908      383.88 20 33 36.947 +41 23 21.65    
909      384.15 20 33 09.36 +41 12 37.0      
910      384.57 20 33 39.56 +41 15 13.3      
911      384.84 20 32 57.060 +41 13 13.98    
912      384.85 20 32 56.33 +41 13 18.1      
913      384.98 20 33 45.47 +41 20 17.9      
914      385.71 20 32 59.72 +41 13 00.0      
915      386.04 20 33 17.404 +41 12 38.80    
916      386.09 20 32 46.83 +41 23 22.2      
917      386.43 20 33 18.430 +41 12 40.43    
918      386.52 20 32 41.85 +41 15 55.8      
919      386.54 20 32 56.560 +41 13 14.88    
920      386.62 20 33 13.39 +41 12 33.7      
921      386.95 20 33 44.08 +41 21 18.5      
922      386.96 20 33 45.42 +41 17 31.0      
923      386.97 20 33 45.4 +41 17 30         
924      387.24 20 33 32.725 +41 24 09.05    
925      387.71 20 33 32.8 +41 24 09         
926      388.42 20 32 43.012 +41 15 29.96    
927      388.70 20 32 42.12 +41 15 45.9      
928      388.86 20 33 12.438 +41 25 28.83    
929      389.20 20 33 01.68 +41 12 48.6      
930      389.39 20 33 04.87 +41 12 39.0      
931      389.61 20 33 03.08 +41 12 43.6      
932      389.86 20 33 39.799 +41 22 52.38    
933      389.89 20 33 06.27 +41 12 35.5      
934      390.19 20 33 21.12 +41 12 43.6      
935      391.37 20 33 46.49 +41 18 13.6      
936      391.75 20 33 22.14 +41 12 45.3      
937      391.79 20 32 43.612 +41 15 13.92    
938      392.54 20 33 14.28 +41 12 28.3      
939      392.61 20 32 41.58 +41 15 48.7      
940      392.63 20 33 09.61 +41 12 28.3      
941      392.71 20 33 45.840 +41 17 26.12    
942      393.51 20 33 09.060 +41 12 27.89    
943      393.80 20 32 55.465 +41 24 47.03    
944      393.93 20 33 05.20 +41 12 33.6      
945      394.08 20 32 55.14 +41 13 14.8      
946      394.14 20 32 43.340 +41 15 14.19    
947      394.20 20 33 04.29 +41 12 35.5      
948      394.80 20 33 03.640 +41 12 36.62    
949      395.22 20 33 42.125 +41 22 22.77    
950      395.87 20 33 15.84 +41 12 26.5      
951      395.89 20 33 45.04 +41 21 15.1      
952      396.59 20 33 34.59 +41 24 04.3      
953      396.72 20 33 07.46 +41 12 26.6      
954      397.40 20 33 14.380 +41 12 23.51    
955      397.68 20 33 43.980 +41 16 11.93    
956      397.72 20 32 42.35 +41 22 36.1      
957      397.73 20 32 40.94 +41 15 51.2      
958      398.04 20 33 30.90 +41 13 23.8      
959      398.98 20 32 36.806 +41 19 44.74    
960      398.99 20 33 14.349 +41 12 21.89    
961      399.11 20 33 36.4733 +41 23 48.727  
962      399.66 20 33 06.84 +41 12 24.6      
963      399.89 20 32 58.29 +41 12 51.2      
964      400.85 20 32 36.42 +41 19 01.1      
965      400.88 20 33 38.190 +41 14 28.81    
966      400.98 20 33 47.11 +41 20 06.1      
967      401.99 20 33 41.44 +41 15 13.1      
968      402.22 20 33 45.04 +41 21 32.7      
969      402.86 20 32 44.31 +41 14 45.3      
970      403.00 20 33 19.51 +41 12 26.0      
971      403.02 20 33 39.03 +41 14 36.2      
972      403.14 20 32 40.04 +41 22 01.6      
973      403.22 20 32 37.52 +41 17 12.2      
974      403.28 20 32 36.30 +41 18 30.8      
975      403.72 20 32 36.44 +41 18 10.4      
976      404.09 20 33 31.09 +41 13 18.0      
977      404.17 20 32 51.06 +41 24 28.3      
978      404.29 20 33 23.35 +41 12 36.5      
979      405.09 20 33 21.62 +41 12 29.7      
980      406.10 20 33 11.89 +41 12 13.9      
981      406.16 20 33 48.04 +41 19 10.6      
982      406.19 20 32 43.841 +41 14 46.55    
983      406.49 20 33 08.81 +41 12 15.1      
984      406.56 20 33 43.314 +41 22 22.34    
985      406.59 20 33 07.86 +41 12 16.1      
986      406.90 20 33 42.16 +41 22 44.1      
987      407.22 20 33 48.110 +41 18 42.34    
988      407.39 20 33 40.474 +41 23 11.34    
989      407.91 20 33 07.0 +41 12 16         
990      408.48 20 32 48.190 +41 13 52.10    
991      408.51 20 33 07.33 +41 12 14.9      
992      408.84 20 33 45.44 +41 16 21.5      
993      408.88 20 32 37.871 +41 21 19.40    
994      409.01 20 32 49.427 +41 24 20.48    
995      409.02 20 33 40.420 +41 14 45.70    
996      410.09 20 32 43.500 +41 14 45.11    
997      411.17 20 33 21.67 +41 25 36.5      
998      411.37 20 33 41.25 +41 14 54.0      
999      411.73 20 33 40.60 +41 14 43.9      
1000     411.83 20 32 42.99 +41 23 10.8      
1001     411.93 20 33 03.68 +41 12 18.9      
1002     412.36 20 33 47.050 +41 20 59.15    
1003     412.48 20 32 36.21 +41 20 27.3      
1004     412.67 20 32 52.12 +41 13 13.5      
1005     413.46 20 32 58.54 +41 12 35.4      
1006     413.72 20 33 26.36 +41 12 39.3      
1007     414.01 20 33 26.336 +41 12 38.85    
1008     414.15 20 33 01.360 +41 12 23.61    
1009     414.32 20 32 59.23 +41 12 31.5      
1010     414.91 20 33 48.69 +41 18 24.4      
1011     415.01 20 33 46.35 +41 16 30.4      
1012     415.24 20 33 42.28 +41 15 03.5      
1013     415.32 20 32 45.070 +41 14 16.58    
1014     415.37 20 32 44.850 +41 14 19.17    
1015     415.77 20 33 23.762 +41 25 34.13    
1016     416.12 20 33 47.8311 +41 20 41.363  
1017     416.86 20 33 48.978 +41 19 15.05    
1018     417.01 20 33 23.01 +41 12 21.9      
1019     417.03 20 33 48.844 +41 19 40.62    
1020     417.41 20 33 48.87 +41 18 19.3      
1021     417.58 20 33 06.47 +41 12 07.1      
1022     417.61 20 33 22.03 +41 12 18.0      
1023     417.71 20 33 30.350 +41 25 03.05    
1024     417.74 20 32 57.58 +41 12 35.2      
1025     418.11 20 32 35.537 +41 20 18.22    
1026     419.42 20 32 45.02 +41 23 49.2      
1027     419.87 20 33 28.280 +41 25 17.76    
1028     420.28 20 33 32.57 +41 13 09.5      
1029     420.36 20 33 38.101 +41 24 00.57    
1030     420.72 20 32 58.75 +41 12 26.7      
1031     421.25 20 32 59.380 +41 12 23.51    
1032     421.39 20 33 26.11 +41 12 29.8      
1033     421.43 20 33 43.000 +41 15 04.40    
1034     421.47 20 32 36.580 +41 16 44.70    
1035     421.58 20 33 42.543 +41 14 56.69    
1036     422.29 20 33 04.66 +41 12 05.9      
1037     422.44 20 33 41.07 +41 14 33.4      
1038     422.78 20 32 54.76 +41 25 15.6      
1039     423.00 20 32 40.32 +41 22 47.3      
1040     423.16 20 32 44.79 +41 23 51.9      
1041     423.41 20 32 47.78 +41 13 36.4      
1042     423.78 20 33 00.16 +41 12 17.8      
1043     424.02 20 33 06.71 +41 12 00.2      
1044     424.06 20 33 20.94 +41 12 08.1      
1045     424.28 20 33 46.50 +41 16 10.2      
1046     425.04 20 32 47.281 +41 13 39.07    
1047     425.12 20 33 01.50 +41 12 11.7      
1048     425.22 20 32 51.620 +41 24 58.01    
1049     425.33 20 32 52.600 +41 12 55.22    
1050     425.62 20 33 12.880 +41 11 54.50    
1051     425.80 20 33 32.84 +41 13 04.9      
1052     425.94 20 33 19.7 +41 12 03         
1053     425.99 20 33 19.505 +41 12 02.50    
1054     426.47 20 32 38.52 +41 15 41.3      
1055     426.60 20 32 51.56 +41 13 01.0      
1056     427.25 20 32 54.22 +41 12 42.7      
1057     428.42 20 33 45.04 +41 22 32.4      
1058     428.53 20 32 37.84 +41 22 08.8      
1059     428.56 20 32 45.77 +41 13 49.8      
1060     428.58 20 33 12.792 +41 11 51.51    
1061     428.75 20 32 41.806 +41 14 39.27    
1062     429.30 20 32 36.850 +41 21 46.11    
1063     429.71 20 33 11.81 +41 11 50.3      
1064     429.90 20 33 12.510 +41 11 50.14    
1065     429.97 20 33 39.21 +41 13 58.7      
1066     430.03 20 32 40.980 +41 14 49.67    
1067     430.44 20 33 04.48 +41 11 58.0      
1068     430.48 20 32 40.61 +41 14 54.8      
1069     431.35 20 33 40.740 +41 14 15.22    
1070     431.89 20 33 34.6 +41 24 49         
1071     432.00 20 32 46.459 +41 24 22.39    
1072     432.33 20 33 38.33 +41 24 14.7      
1073     432.51 20 33 05.42 +41 11 53.9      
1074     432.54 20 33 07.39 +41 11 50.6      
1075     433.40 20 32 42.90 +41 23 43.7      
1076     434.67 20 32 35.99 +41 21 36.4      
1077     435.17 20 33 48.95 +41 21 07.2      
1078     435.47 20 32 51.130 +41 12 53.58    
1079     435.55 20 33 26.790 +41 12 17.64    
1080     435.58 20 33 32.71 +41 12 52.3      
1081     436.52 20 33 01.42 +41 12 00.1      
1082     437.66 20 33 50.51 +41 18 02.8      
1083     438.24 20 33 50.898 +41 19 03.50    
1084     438.69 20 33 30.7 +41 25 25         
1085     438.71 20 32 46.553 +41 24 32.26    
1086     438.76 20 32 56.78 +41 12 16.2      
1087     438.87 20 32 41.841 +41 14 22.46    
1088     440.39 20 33 05.050 +41 11 46.64    
1089     441.06 20 33 09.920 +41 11 39.56    
1090     441.73 20 33 05.04 +41 11 45.3      
1091     441.80 20 32 32.925 +41 18 23.14    
1092     442.39 20 32 58.940 +41 12 02.84    
1093     442.40 20 32 40.95965 +41 14 29.2816
1094     443.10 20 32 50.980 +41 12 45.61    
1095     443.30 20 32 45.803 +41 24 30.95    
1096     443.38 20 33 45.290 +41 15 03.82    
1097     443.39 20 32 43.08 +41 13 59.5      
1098     443.41 20 33 07.06 +41 11 40.1      
1099     443.46 20 32 36.62 +41 22 14.7      
1100     443.52 20 33 37.55 +41 24 37.6      
1101     443.87 20 33 10.90 +41 11 36.3      
1102     444.12 20 32 42.226 +41 23 51.31    
1103     444.19 20 32 35.84 +41 21 57.4      
1104     444.47 20 33 49.31 +41 16 35.9      
1105     444.54 20 33 01.19 +41 11 52.5      
1106     446.32 20 33 43.700 +41 14 32.58    
1107     446.56 20 32 46.710 +41 13 16.32    
1108     447.06 20 33 12.733 +41 11 33.02    
1109     447.38 20 33 44.590 +41 14 44.66    
1110     447.70 20 33 50.66 +41 17 16.8      
1111     447.72 20 32 39.903 +41 14 36.29    
1112     447.73 20 33 01.70 +41 11 47.6      
1113     448.00 20 32 56.48 +41 12 07.6      
1114     448.02 20 32 37.90 +41 15 09.8      
1115     448.14 20 32 44.466 +41 24 23.63    
1116     448.48 20 32 51.16 +41 12 38.0      
1117     448.84 20 33 05.720 +41 11 36.78    
1118     449.50 20 32 33.603 +41 21 02.56    
1119     449.58 20 33 29.94 +41 12 18.5      
1120     450.00 20 32 54.672 +41 25 45.53    
1121     450.67 20 32 41.660 +41 14 06.54    
1122     451.29 20 33 51.28 +41 20 28.9      
1123     451.43 20 33 00.50 +41 11 47.6      
1124     452.58 20 32 37.81 +41 15 02.7      
1125     452.66 20 33 47.95 +41 15 38.2      
1126     452.73 20 33 44.480 +41 14 33.71    
1127     452.87 20 33 10.91 +41 11 27.3      
1128     453.23 20 33 21.962 +41 11 40.91    
1129     453.38 20 33 16.75 +41 11 29.8      
1130     453.38 20 32 41.198 +41 14 08.48    
1131     453.45 20 32 40.350 +41 14 20.14    
1132     453.59 20 32 53.85 +41 12 15.2      
1133     456.07 20 33 52.45 +41 19 18.6      
1134     456.73 20 33 43.629 +41 23 45.97    
1135     457.76 20 33 04.95 +41 11 29.2      
1136     458.80 20 33 25.240 +41 11 46.17    
1137     459.11 20 33 48.101 +41 22 33.35    
1138     459.33 20 32 38.00 +41 23 13.8      
1139     459.48 20 33 52.67 +41 19 34.8      
1140     459.53 20 32 54.80 +41 12 03.4      
1141     459.69 20 33 04.48 +41 11 28.2      
1142     459.89 20 32 33.1 +41 16 41         
1143     459.93 20 32 46.410 +41 13 01.82    
1144     459.97 20 33 13.360 +41 26 39.72    
1145     460.36 20 33 36.894 +41 25 05.24    
1146     460.96 20 32 47.45 +41 12 51.4      
1147     461.22 20 32 38.096 +41 14 41.81    
1148     461.25 20 33 37.7639 +41 24 58.649  
1149     461.47 20 32 31.042 +41 18 55.09    
1150     461.72 20 32 32.91 +41 16 41.7      
1151     462.49 20 33 37.9 +41 24 59         
1152     462.92 20 33 44.690 +41 14 19.82    
1153     463.42 20 32 31.4 +41 17 46         
1154     463.48 20 33 19.87 +41 11 25.1      
1155     463.52 20 33 04.11 +41 11 25.1      
1156     463.56 20 33 45.44 +41 14 30.2      
1157     463.93 20 32 37.026 +41 23 05.23    
1158     464.39 20 33 45.60 +41 14 31.3      
1159     464.46 20 33 11.35 +41 11 15.6      
1160     465.04 20 33 16.64 +41 26 42.1      
1161     465.41 20 32 49.38 +41 12 30.7      
1162     465.83 20 33 21.640 +41 11 27.03    
1163     465.91 20 33 53.24 +41 19 35.2      
1164     465.93 20 32 30.879 +41 18 10.75    
1165     466.16 20 32 31.16 +41 17 45.6      
1166     466.18 20 33 18.49 +41 11 19.6      
1167     467.27 20 33 50.79 +41 16 15.0      
1168     467.55 20 32 41.113 +41 24 12.53    
1169     467.99 20 32 31.580 +41 17 12.52    
1170     468.32 20 32 38.560 +41 14 22.10    
1171     468.66 20 32 32.208 +41 21 17.08    
1172     468.96 20 32 44.75 +41 13 05.7      
1173     469.04 20 33 13.34 +41 11 11.2      
1174     469.32 20 32 49.687 +41 25 36.45    
1175     469.64 20 32 39.87 +41 23 59.5      
1176     470.11 20 32 35.64 +41 15 09.7      
1177     470.15 20 32 33.20 +41 16 07.3      
1178     470.21 20 33 45.3 +41 14 17         
1179     472.86 20 33 08.09 +41 11 09.2      
1180     473.08 20 33 53.60 +41 17 56.0      
1181     473.18 20 33 54.0 +41 19 00         
1182     473.28 20 33 43.696 +41 24 10.88    
1183     473.40 20 33 00.35 +41 11 25.2      
1184     473.75 20 32 48.250 +41 12 29.20    
1185     473.99 20 33 41.52 +41 13 22.5      
1186     474.43 20 33 50.26 +41 22 18.6      
1187     475.33 20 33 11.759 +41 26 55.32    
1188     475.34 20 33 12.250 +41 11 04.67    
1189     475.45 20 33 53.82 +41 20 04.3      
1190     475.82 20 33 04.080 +41 26 47.40    
1191     476.24 20 32 57.19 +41 11 34.0      
1192     476.76 20 33 53.6930 +41 17 38.834  
1193     477.37 20 32 39.89 +41 13 48.8      
1194     477.51 20 33 14.31 +41 26 56.8      
1195     477.67 20 33 51.900 +41 21 42.01    
1196     478.83 20 33 08.96 +41 11 02.4      
1197     479.51 20 32 45.11 +41 12 48.5      
1198     480.66 20 32 47.989 +41 25 37.47    
1199     480.76 20 33 54.1679 +41 20 14.265  
1200     480.94 20 33 00.88 +41 11 15.7      
1201     481.18 20 33 32.29 +41 11 56.7      
1202     481.97 20 32 45.90 +41 12 38.3      
1203     483.13 20 33 48.808 +41 23 08.26    
1204     483.17 20 33 45.64 +41 14 00.6      
1205     483.18 20 33 01.77 +41 11 10.8      
1206     483.30 20 33 07.73 +41 27 00.9      
1207     483.90 20 33 06.280 +41 11 00.42    
1208     484.04 20 33 18.18 +41 11 01.0      
1209     484.14 20 33 01.062 +41 11 11.84    
1210     484.46 20 33 01.76 +41 11 09.5      
1211     484.56 20 32 34.340 +41 15 06.33    
1212     485.37 20 32 35.34 +41 14 45.4      
1213     485.56 20 33 16.83 +41 10 57.5      
1214     486.41 20 32 37.68 +41 14 05.2      
1215     487.05 20 33 44.92 +41 13 44.6      
1216     487.38 20 32 34.13 +41 22 56.0      
1217     487.77 20 33 28.18 +41 26 32.5      
1218     487.81 20 33 55.283 +41 18 47.14    
1219     488.27 20 32 30.0 +41 17 00         
1220     489.78 20 32 51.73 +41 26 13.4      
1221     489.84 20 33 38.69 +41 12 33.5      
1222     489.84 20 33 01.82 +41 11 03.8      
1223     490.49 20 33 55.53 +41 18 51.5      
1224     490.51 20 33 51.73 +41 15 39.8      
1225     490.55 20 33 55.208 +41 20 01.19    
1226     491.69 20 33 00.00 +41 11 07.3      
1227     492.00 20 33 23.830 +41 11 06.43    
1228     492.19 20 33 35.73 +41 12 06.9      
1229     492.86 20 33 29.70 +41 26 30.8      
1230     493.10 20 32 47.480 +41 12 11.70    
1231     493.29 20 32 58.83 +41 11 09.6      
1232     493.78 20 33 01.99 +41 10 59.3      
1233     493.91 20 32 33.887 +41 23 04.47    
1234     494.50 20 32 54.180 +41 11 28.17    
1235     494.86 20 32 50.90 +41 11 46.1      
1236     495.01 20 33 52.88 +41 15 59.0      
1237     495.24 20 33 44.92 +41 13 32.1      
1238     495.66 20 32 38.506 +41 13 38.92    
1239     496.94 20 32 28.423 +41 20 17.48    
1240     497.36 20 33 46.830 +41 13 54.73    
1241     497.38 20 32 45.4460 +41 25 37.544  
1242     497.49 20 32 44.81 +41 12 28.2      
1243     497.84 20 33 21.752 +41 27 05.59    
1244     498.44 20 33 01.33 +41 10 56.3      
1245     498.50 20 32 58.450 +41 11 05.50    
1246     500.33 20 32 45.24 +41 12 20.9      
1247     500.71 20 33 47.050 +41 24 08.20    
1248     501.04 20 33 24.65 +41 10 59.7      
1249     501.18 20 33 56.318 +41 18 17.07    
1250     502.34 20 33 34.75 +41 11 48.1      
1251     502.61 20 32 32.43 +41 15 08.3      
1252     503.83 20 32 59.56 +41 10 56.1      
1253     504.15 20 33 03.55 +41 27 15.1      
1254     504.16 20 33 49.942 +41 23 27.70    
1255     504.73 20 33 19.60 +41 10 42.6      
1256     506.06 20 32 32.331 +41 22 57.84    
1257     506.25 20 33 32.94 +41 11 32.2      
1258     506.25 20 32 53.351 +41 11 19.50    
1259     506.77 20 32 58.04 +41 10 58.3      
1260     507.79 20 33 37.06 +41 11 58.1      
1261     507.98 20 33 11.065 +41 10 32.13    
1262     508.47 20 33 26.749 +41 10 59.51    
1263     508.54 20 33 48.995 +41 14 09.00    
1264     509.04 20 33 13.06 +41 10 31.1      
1265     509.19 20 33 56.34 +41 20 39.2      
1266     509.74 20 32 59.00 +41 10 51.8      
1267     509.83 20 33 41.600 +41 12 34.60    
1268     510.00 20 32 27.34 +41 20 23.9      
1269     510.32 20 33 25.09 +41 10 51.5      
1270     510.89 20 33 13.78 +41 10 29.5      
1271     511.25 20 32 57.404 +41 10 55.97    
1272     511.50 20 33 56.790 +41 20 24.21    
1273     511.58 20 33 15.33 +41 10 29.8      
1274     511.82 20 32 43.50 +41 25 38.8      
1275     512.16 20 32 51.360 +41 11 23.79    
1276     512.64 20 32 26.512 +41 19 13.86    
1277     512.65 20 33 57.4958 +41 19 10.057  
1278     514.47 20 33 34.00 +41 11 29.3      
1279     514.64 20 33 15.489 +41 27 33.14    
1280     514.76 20 33 48.200 +41 13 46.27    
1281     514.83 20 33 24.61 +41 10 45.2      
1282     516.80 20 33 50.36 +41 14 17.0      
1283     517.31 20 32 56.48 +41 10 53.2      
1284     517.74 20 33 26.450 +41 10 48.58    
1285     518.54 20 33 43.07 +41 12 37.7      
1286     519.08 20 33 57.8 +41 18 04         
1287     519.18 20 33 23.2 +41 27 24         
1288     519.26 20 33 43.0 +41 12 36         
1289     519.57 20 33 46.724 +41 13 18.40    
1290     520.45 20 32 46.759 +41 26 16.07    
1291     520.52 20 33 57.920 +41 18 03.13    
1292     520.60 20 33 40.990 +41 25 45.64    
1293     520.74 20 33 52.78 +41 23 05.6      
1294     521.02 20 33 53.9 +41 22 41         
1295     521.49 20 33 50.263 +41 23 53.87    
1296     522.26 20 32 59.32 +41 10 37.7      
1297     522.35 20 33 53.359 +41 22 56.56    
1298     522.37 20 33 25.41 +41 10 40.0      
1299     523.07 20 33 52.239 +41 23 21.38    
1300     523.72 20 33 18.001 +41 10 20.67    
1301     524.24 20 33 47.133 +41 13 16.59    
1302     524.29 20 32 33.51 +41 14 05.7      
1303     524.30 20 33 19.2 +41 27 38         
1304     524.36 20 32 56.710 +41 10 44.80    
1305     525.29 20 32 26.51 +41 20 55.8      
1306     525.74 20 33 12.210 +41 10 14.27    
1307     525.99 20 33 02.1 +41 10 26         
1308     526.63 20 33 01.983 +41 10 25.63    
1309     526.70 20 32 31.16 +41 14 44.1      
1310     526.90 20 33 47.423 +41 24 44.38    
1311     527.02 20 32 38.840 +41 12 48.56    
1312     527.42 20 33 55.3 +41 22 21         
1313     528.05 20 33 47.2 +41 24 49         
1314     528.46 20 33 54.49 +41 15 16.6      
1315     528.82 20 33 33.69 +41 26 49.1      
1316     529.21 20 33 53.62 +41 14 55.1      
1317     529.30 20 33 58.57 +41 17 50.7      
1318     529.65 20 32 25.00 +41 18 48.2      
1319     529.73 20 32 59.95 +41 10 28.0      
1320     529.80 20 33 35.23 +41 11 19.5      
1321     530.02 20 33 06.15 +41 10 14.1      
1322     530.41 20 32 38.5703 +41 25 13.791  
1323     531.39 20 32 25.7 +41 20 42         
1324     531.62 20 32 25.65 +41 20 40.3      
1325     531.78 20 32 33.072 +41 13 59.66    
1326     532.84 20 33 54.86 +41 22 45.8      
1327     533.05 20 32 38.869 +41 25 20.85    
1328     533.92 20 33 32.66 +41 10 59.6      
1329     534.09 20 32 27.244 +41 21 56.64    
1330     534.24 20 33 58.3 +41 20 56         
1331     534.80 20 33 52.11 +41 14 14.4      
1332     534.83 20 33 58.35 +41 20 56.2      
1333     535.16 20 32 29.85 +41 14 53.7      
1334     535.24 20 32 57.740 +41 10 29.49    
1335     535.88 20 33 20.840 +41 10 13.48    
1336     535.95 20 32 38.10 +41 12 44.3      
1337     536.51 20 33 48.356 +41 13 13.84    
1338     536.89 20 33 10.19 +41 10 03.5      
1339     537.03 20 32 54.99 +41 10 38.4      
1340     537.34 20 33 10.3 +41 10 03         
1341     537.39 20 33 54.7 +41 23 00         
1342     537.71 20 33 10.15 +41 10 02.7      
1343     537.77 20 32 49.964 +41 26 57.17    
1344     537.86 20 33 51.51 +41 13 58.5      
1345     537.94 20 32 25.061 +41 17 21.93    
1346     538.08 20 32 34.163 +41 24 28.75    
1347     538.46 20 33 57.420 +41 21 48.18    
1348     538.54 20 32 31.3 +41 14 18         
1349     539.24 20 33 55.6 +41 22 43         
1350     540.42 20 32 44.3 +41 11 39         
1351     540.70 20 32 44.196 +41 11 39.49    
1352     540.74 20 33 23.065 +41 10 13.86    
1353     541.14 20 33 07.36 +41 10 01.4      
1354     541.46 20 32 31.54 +41 14 08.2      
1355     541.71 20 33 25.745 +41 10 20.95    
1356     541.98 20 32 23.9 +41 18 51         
1357     542.18 20 33 59.528 +41 17 35.48    
1358     542.69 20 33 53.5 +41 23 36         
1359     543.04 20 32 23.8 +41 18 57         
1360     543.18 20 33 10.026 +41 28 02.73    
1361     543.55 20 33 41.253 +41 26 12.47    
1362     543.77 20 33 14.88 +41 09 57.2      
1363     543.86 20 32 23.83 +41 19 36.4      
1364     544.91 20 32 28.105 +41 22 49.38    
1365     545.52 20 33 55.4 +41 23 03         
1366     546.36 20 32 23.55 +41 19 24.4      
1367     546.43 20 33 10.95 +41 09 53.7      
1368     546.54 20 32 41.560 +41 11 54.70    
1369     546.64 20 33 55.933 +41 15 08.49    
1370     546.92 20 32 23.5 +41 18 37         
1371     547.02 20 32 30.8 +41 14 11         
1372     547.49 20 33 22.06 +41 10 04.4      
1373     547.90 20 33 46.74 +41 12 36.9      
1374     547.94 20 33 56.0 +41 22 54         
1375     548.71 20 32 23.3 +41 18 53         
1376     549.48 20 32 35.93 +41 12 50.5      
1377     549.51 20 33 19.664 +41 09 57.33    
1378     550.54 20 33 59.84 +41 20 52.9      
1379     550.64 20 33 53.630 +41 23 48.97    
1380     551.70 20 32 35.44 +41 25 07.4      
1381     552.06 20 32 54.23 +41 10 25.6      
1382     552.15 20 32 44.43 +41 11 23.7      
1383     552.26 20 32 23.0 +41 18 45         
1384     552.38 20 33 32.93 +41 10 40.6      
1385     552.51 20 33 58.14 +41 22 07.8      
1386     552.83 20 33 50.25 +41 13 14.1      
1387     552.92 20 33 42.344 +41 11 45.68    
1388     553.23 20 32 26.76 +41 22 35.7      
1389     553.59 20 32 49.7844 +41 27 13.918  
1390     553.85 20 32 24.703 +41 16 29.56    
1391     553.93 20 32 46.35 +41 11 07.6      
1392     554.36 20 33 06.21 +41 09 49.5      
1393     555.11 20 32 23.876 +41 20 59.79    
1394     555.61 20 32 22.7 +41 18 46         
1395     555.74 20 33 46.446 +41 25 38.13    
1396     555.94 20 32 52.44 +41 10 29.7      
1397     556.70 20 33 14.690 +41 09 44.13    
1398     556.79 20 34 01.42 +41 19 05.8      
1399     557.71 20 32 22.5 +41 18 54         
1400     557.81 20 32 23.897 +41 16 48.49    
1401     557.86 20 32 22.5 +41 18 46         
1402     557.90 20 33 42.486 +41 26 19.90    
1403     558.17 20 32 50.38 +41 10 37.9      
1404     558.38 20 32 45.693 +41 11 06.96    
1405     558.76 20 33 01.72 +41 09 53.4      
1406     558.77 20 33 42.6 +41 26 20         
1407     558.85 20 32 55.74 +41 10 12.1      
1408     559.15 20 33 30.99 +41 10 23.5      
1409     559.28 20 32 22.492 +41 18 19.52    
1410     559.29 20 33 03.0 +41 09 50         
1411     559.69 20 34 01.29 +41 20 10.6      
1412     559.91 20 33 02.89 +41 09 49.6      
1413     559.97 20 33 24.81 +41 28 01.1      
1414     560.09 20 32 22.42344 +41 18 18.9619
1415     560.11 20 32 22.422 +41 18 18.91    
1416     560.91 20 32 52.5 +41 10 24         
1417     561.08 20 32 31.430 +41 13 35.01    
1418     561.18 20 32 31.771 +41 24 31.37    
1419     561.26 20 32 52.404 +41 10 24.09    
1420     561.54 20 33 55.19 +41 14 20.2      
1421     563.60 20 33 41.940 +41 11 28.72    
1422     563.61 20 34 01.97 +41 18 33.8      
1423     563.70 20 33 11.590 +41 28 23.68    
1424     563.93 20 34 02.0 +41 18 34         
1425     564.16 20 33 13.52 +41 09 36.1      
1426     564.45 20 32 52.66 +41 10 19.4      
1427     564.48 20 32 38.440 +41 12 01.16    
1428     564.53 20 32 32.49 +41 13 13.2      
1429     565.01 20 33 09.0 +41 09 36         
1430     566.45 20 33 21.848 +41 09 44.55    
1431     567.22 20 33 51.45 +41 13 08.0      
1432     567.48 20 33 24.630 +41 28 09.39    
1433     567.63 20 33 50.72 +41 25 03.6      
1434     568.05 20 32 29.14 +41 14 01.3      
1435     568.17 20 33 50.748 +41 25 04.07    
1436     568.19 20 33 30.61 +41 10 12.0      
1437     569.30 20 32 51.433 +41 27 40.13    
1438     570.45 20 34 02.58 +41 19 27.2      
1439     571.14 20 32 21.354 +41 18 35.47    
1440     571.59 20 33 34.78 +41 10 29.4      
1441     571.77 20 32 21.3 +41 18 35         
1442     572.22 20 33 12.40 +41 28 32.2      
1443     573.94 20 32 59.55 +41 09 43.5      
1444     573.97 20 33 46.86 +41 25 58.9      
1445     573.99 20 33 59.50 +41 22 28.2      
1446     574.09 20 33 14.11 +41 09 26.4      
1447     574.18 20 33 54.27 +41 13 39.7      
1448     574.33 20 32 29.0 +41 24 09         
1449     574.46 20 33 10.47 +41 09 25.8      
1450     574.63 20 32 22.834 +41 16 27.74    
1451     574.80 20 33 57.51 +41 23 20.4      
1452     575.12 20 33 36.32 +41 10 34.5      
1453     575.35 20 32 43.42 +41 11 03.4      
1454     575.38 20 32 28.762 +41 24 06.74    
1455     576.08 20 33 59.8 +41 15 36         
1456     577.23 20 33 58.540 +41 23 01.99    
1457     577.36 20 33 01.4812 +41 28 25.093  
1458     577.69 20 32 45.98 +41 10 42.4      
1459     577.70 20 33 16.47 +41 09 24.5      
1460     578.04 20 33 58.17 +41 23 12.7      
1461     578.53 20 32 37.54 +41 11 51.4      
1462     578.53 20 33 59.720 +41 22 34.31    
1463     578.57 20 32 46.25 +41 10 39.6      
1464     578.93 20 34 01.880 +41 21 19.83    
1465     579.73 20 32 38.30 +41 11 42.2      
1466     580.76 20 33 22.94 +41 09 32.5      
1467     580.91 20 33 31.90 +41 10 04.2      
1468     581.05 20 33 55.790 +41 24 07.50    
1469     581.43 20 32 37.767 +41 26 15.42    
1470     582.21 20 32 21.6 +41 16 52         
1471     582.51 20 33 58.71 +41 14 50.8      
1472     583.89 20 32 27.56 +41 14 00.1      
1473     584.05 20 33 00.71 +41 09 30.0      
1474     584.13 20 33 18.22 +41 09 20.1      
1475     584.40 20 32 57.800 +41 09 37.98    
1476     585.13 20 34 01.40 +41 22 01.3      
1477     587.14 20 33 06.28 +41 28 43.6      
1478     587.22 20 32 40.63 +41 11 11.3      
1479     587.30 20 33 47.05 +41 11 45.6      
1480     588.29 20 33 20.860 +41 28 39.78    
1481     588.61 20 33 25.49 +41 09 31.4      
1482     588.87 20 32 28.25 +41 13 38.3      
1483     590.45 20 32 28.495 +41 24 29.76    
1484     591.47 20 32 33.49 +41 12 18.4      
1485     591.75 20 33 42.05 +41 10 54.9      
1486     592.63 20 32 20.63 +41 21 08.3      
1487     593.40 20 34 02.557 +41 21 47.13    
1488     593.59 20 32 39.52 +41 11 12.9      
1489     594.42 20 33 01.20 +41 09 18.2      
1490     594.74 20 34 01.3 +41 15 28         
1491     595.16 20 33 28.34 +41 09 34.1      
1492     595.60 20 33 43.34 +41 11 00.6      
1493     595.67 20 32 36.7 +41 26 24         
1494     596.05 20 34 00.130 +41 14 53.13    
1495     597.62 20 33 09.78 +41 09 02.9      
1496     597.82 20 32 19.657 +41 20 38.91    
1497     599.44 20 32 52.81 +41 28 19.2      
1498     599.56 20 32 34.47 +41 11 55.3      
1499     599.86 20 33 25.657 +41 09 20.26    
1500     599.98 20 32 52.25 +41 28 17.3      
