08 35 38.59 -53 13 15.5
08 35 44.88 -53 25 55.6
08 35 51.96 -53 18 25.8
08 35 57.90 -53 22 17.6
08 36 04.08 -53 29 25.0
08 36 04.09 -53 29 25.0
08 36 07.21 -53 25 41.2
08 36 40.36 -53 21 30.0
08 36 40.72 -52 44 30.0
08 36 42.73 -53 07 58.4
08 36 44.44 -53 19 36.5
08 36 44.71 -53 19 33.9
08 36 45.71 -53 11 32.6
08 36 46.24 -53 21 39.8
08 36 56.03 -53 23 57.3
08 37 02.09 -53 21 39.6
08 37 08.70 -53 15 00.5
08 37 11.45 -52 36 35.6
08 37 11.85 -53 26 03.8
08 37 11.90 -52 59 16.0
08 37 12.07 -53 20 46.4
08 37 12.96 -53 21 29.9
08 37 13.53 -53 20 03.2
08 37 14.90 -53 20 21.2
08 37 15.23 -53 20 18.3
08 37 15.22 -53 24 13.0
08 37 15.23 -53 24 13.1
08 37 18.19 -52 55 56.9
08 37 19.82 -52 42 06.0
08 37 22.26 -52 39 03.9
08 37 24.37 -53 16 49.2
08 37 27.69 -52 51 10.8
08 37 32.81 -53 03 33.6
08 37 32.81 -53 03 33.6
08 37 34.99 -53 29 24.9
08 37 34.99 -53 29 24.9
08 37 43.07 -53 14 14.2
08 37 47.77 -52 39 38.5
08 37 47.74 -53 08 22.3
08 37 47.76 -53 08 22.1
08 37 49.11 -52 46 28.6
08 37 58.91 -52 46 15.0
08 37 59.20 -53 21 55.4
08 38 00.19 -52 42 13.4
08 38 00.48 -53 27 24.9
08 38 11.88 -52 22 51.3
08 38 12.33 -52 44 41.4
08 38 12.34 -52 44 41.5
08 38 14.19 -52 52 12.0
08 38 14.19 -52 52 12.0
08 38 14.41 -52 45 00.1
08 38 14.41 -52 45 00.1
08 38 19.97 -52 49 29.3
08 38 19.97 -52 49 29.3
08 38 25.09 -53 19 10.9
08 38 25.09 -53 19 10.9
08 38 25.32 -53 05 35.7
08 38 25.32 -53 05 35.7
08 38 26.72 -53 10 07.4
08 38 26.75 -53 10 07.3
08 38 27.15 -53 25 10.4
08 38 28.24 -52 40 57.1
08 38 34.31 -52 50 49.4
08 38 34.93 -53 04 44.5
08 38 35.13 -53 00 52.7
08 38 36.09 -53 25 52.0
08 38 36.98 -52 52 42.6
08 38 38.79 -53 07 57.5
08 38 42.25 -52 30 37.1
08 38 42.34 -53 29 31.3
08 38 44.02 -53 22 50.9
08 38 45.91 -52 51 06.1
08 38 47.06 -52 14 56.3
08 38 47.29 -52 44 32.8
08 38 47.30 -52 44 32.7
08 38 47.31 -52 44 32.3
08 38 49.59 -52 36 31.0
08 38 51.88 -52 50 08.7
08 38 53.30 -52 47 48.8
08 38 54.95 -52 35 23.0
08 38 56.19 -52 51 38.0
08 39 02.00 -52 52 55.3
08 39 02.00 -52 52 55.3
08 39 05.76 -52 23 13.6
08 39 08.95 -52 37 41.8
08 39 08.95 -52 37 41.8
08 39 10.68 -52 30 11.9
08 39 27.48 -53 34 52.3
08 39 32.05 -53 28 12.6
08 39 40.59 -53 06 07.6
08 39 41.44 -53 04 03.5
08 39 41.51 -53 04 03.6
08 39 48.44 -53 13 58.4
08 39 48.44 -53 13 58.4
08 40 09.53 -53 37 49.6
08 40 10.05 -52 35 11.9
08 40 10.84 -52 37 15.5
08 40 14.57 -52 42 24.7
08 40 14.76 -53 27 36.4
08 40 15.17 -52 40 24.7
08 40 16.07 -53 25 47.8
08 40 33.36 -52 34 39.9
08 40 38.18 -53 07 56.8
08 40 39.34 -52 47 25.8
08 40 42.91 -53 09 18.9
08 40 44.37 -53 07 00.0
08 40 46.81 -53 13 52.0
08 40 47.47 -53 07 08.1
08 40 53.00 -52 23 00.4
08 40 54.93 -52 47 50.2
08 40 55.19 -52 34 50.2
08 41 02.88 -52 32 04.6
08 41 06.93 -53 05 19.5
08 41 12.37 -53 09 10.3
08 41 12.37 -53 09 10.3
08 41 25.99 -53 26 34.8
08 41 29.17 -53 16 22.2
08 41 32.63 -52 41 05.6
08 41 32.63 -52 41 05.7
08 41 35.96 -53 09 27.1
08 41 39.24 -53 04 28.7
08 41 41.48 -53 27 50.7
08 41 43.96 -53 14 07.0
08 41 51.92 -53 29 11.5
08 41 54.01 -53 05 04.8
08 41 58.93 -53 12 36.3
08 41 58.93 -53 12 36.3
08 41 58.99 -53 12 36.9
08 41 58.99 -53 12 36.9
08 42 04.65 -52 32 26.5
08 42 04.91 -52 53 54.1
08 42 08.79 -52 44 49.7
08 42 11.66 -52 52 01.0
08 42 12.31 -52 43 14.5
08 42 13.58 -52 47 59.1
08 42 18.71 -52 39 40.0
08 42 18.72 -52 39 40.1
08 42 21.56 -52 53 38.9
08 42 21.99 -52 47 57.1
08 42 26.46 -52 47 07.0
08 42 28.14 -52 43 19.7
08 42 29.69 -53 03 33.2
08 42 30.01 -52 47 00.4
08 42 32.88 -52 47 26.2
08 42 33.53 -52 44 27.4
08 42 33.68 -52 53 54.8
08 42 43.59 -52 50 57.5
08 42 45.80 -52 50 06.5
08 42 45.80 -52 50 06.5
08 42 46.35 -52 46 52.8
08 42 46.35 -52 46 52.8
08 42 49.05 -52 52 15.9
08 42 53.31 -52 48 55.6
08 42 54.79 -52 46 38.1
08 42 55.44 -52 43 11.7
08 42 58.21 -52 49 46.2
08 43 03.51 -53 26 57.3
08 43 05.60 -53 31 36.2
08 43 05.62 -53 31 36.2
08 43 10.60 -52 50 13.6
08 43 12.87 -52 43 31.6
08 43 13.02 -53 29 08.5
08 43 15.14 -52 58 23.0
08 43 15.25 -53 29 09.5
08 43 15.39 -52 51 23.2
08 43 15.51 -52 38 49.5
08 43 16.58 -52 40 59.7
08 43 18.17 -52 48 41.9
08 43 18.82 -52 53 15.3
08 43 19.85 -53 31 30.6
08 43 19.85 -53 31 30.6
08 43 23.76 -53 14 16.2
08 43 23.76 -53 14 16.2
08 43 23.66 -53 14 16.8
08 43 29.90 -53 30 20.0
08 43 29.90 -53 30 20.0
08 43 34.33 -52 43 55.7
08 43 35.21 -52 41 13.7
08 43 37.12 -52 47 06.2
08 43 37.16 -52 45 52.2
08 43 37.32 -52 48 57.9
08 43 38.42 -52 50 55.4
08 43 38.43 -52 50 55.3
08 43 38.93 -53 21 55.8
08 43 39.28 -52 52 20.3
08 43 40.12 -52 46 30.9
08 43 40.22 -53 29 57.6
08 43 42.14 -53 19 50.1
08 43 48.11 -53 32 57.0
08 43 58.74 -53 30 34.1
08 44 02.09 -52 44 10.6
08 44 02.10 -52 44 10.9
08 44 02.95 -53 26 32.7
08 44 06.38 -53 32 28.8
08 44 07.59 -53 29 56.3
08 44 14.99 -53 21 52.9
08 44 17.04 -53 13 42.9
08 44 24.18 -53 01 54.4
08 44 26.16 -52 35 41.4
08 44 27.31 -52 49 39.2
08 44 27.76 -52 56 47.6
08 44 28.31 -53 23 24.7
08 44 29.78 -53 26 37.9
08 44 30.10 -53 26 36.3
08 44 31.73 -53 25 54.5
08 44 34.21 -53 08 32.1
08 44 37.64 -53 32 18.0
08 44 39.60 -53 02 46.5
08 44 40.37 -52 44 02.0
08 44 43.37 -53 03 25.9
08 44 44.63 -52 42 15.2
08 44 47.97 -52 50 49.1
08 44 47.97 -52 50 49.1
08 44 49.88 -52 55 30.4
08 44 50.00 -52 55 16.1
08 44 50.00 -52 55 16.1
08 45 02.60 -53 14 33.5
08 45 02.63 -52 54 02.6
08 45 14.83 -52 51 37.3
08 45 16.42 -52 49 35.8
08 45 17.58 -52 51 40.7
08 45 18.80 -52 59 25.8
08 45 22.62 -52 50 36.6
08 45 24.69 -53 01 22.7
08 45 30.19 -53 11 59.9
08 45 42.58 -52 59 28.7
08 45 42.58 -52 59 28.7
08 45 42.58 -52 59 28.7
08 45 44.12 -52 57 00.8
08 45 44.26 -53 00 54.1
08 45 45.59 -53 12 37.8
08 45 45.66 -53 12 37.4
08 45 52.60 -52 43 32.7
08 45 57.67 -52 52 56.6
08 45 57.85 -52 53 02.8
08 45 58.45 -52 58 53.3
08 45 59.82 -52 54 38.0
08 46 00.07 -52 54 35.3
08 46 26.27 -53 01 53.4
08 46 42.17 -52 44 13.4
08 46 42.43 -53 13 27.2
08 47 03.46 -52 46 52.3
08 47 03.46 -52 46 52.3
08 40 40.84 -53 13 31.8