#  
#   VizieR Astronomical Server vizier.cfa.harvard.edu
#    Date: 2017-12-04T17:47:12 [V1.99+ (14-Oct-2013)]
#   In case of problem, please report to: cds-question@unistra.fr
# 
#   
#Coosys J2000: eq_FK5 J2000 
#INFO votable-version=1.99+ (14-Oct-2013) 
#INFO -ref=VIZ5a2588e43acc 
#INFO -out.max=unlimited 
#INFO queryParameters=11 
#-oc.form=sexa
#-out.max=unlimited
#-nav=cat:J/ApJ/727/64&tab:{J/ApJ/727/64/table6}&key:source=J/ApJ/727/64/table5&HTTPPRM:&&-ref=VIZ5a2588e43acc&Clear= Clear&-c.r=  2&-order=I&-out=RAJ2000&-out=DEJ2000&-out.src=J/ApJ/727/64/table5&-meta.ucd=2&-meta=1&-meta.foot=1&-usenav=1&-bmark=POST&-oc.form=sexa&-c.geom=r&-out.max=unlimited&-out.form=ascii text/plain&undefined=CDS, France&-c.eq=J2000&-c.u=arcmin&
#-c.eq=J2000
#-c.r=  2
#-c.u=arcmin
#-c.geom=r
#-source=J/ApJ/727/64/table6
#-order=I
#-out=RAJ2000
#-out=DEJ2000
#

#RESOURCE=yCat_17270064
#Name: J/ApJ/727/64
#Title: Young stellar groups and their most massive stars (Kirk+, 2011)
#Table J_ApJ_727_64_table6:
#Name: J/ApJ/727/64/table6
#Title: YSO catalog for IC348 (mainly from Lada et al., Cat. J/AJ/131/1574 and Muench et al., Cat. J/AJ/134/411; see Appendix A.4.)
#---Details of Columns:
#    RAJ2000 ("h:m:s") (A11)   Hour of Right Ascension (J2000) [ucd=pos.eq.ra;meta.main]
#    DEJ2000 ("d:m:s") (A12)   Degree of Declination (J2000) [ucd=pos.eq.dec;meta.main]
#----------- ------------
#RAJ200      DEJ20       
#0 ("h:m:s") 00 ("d:m:s")
#----------- ------------
03 44 34.21 +32 09 46.70
03 44 35.36 +32 10 04.60
03 44 50.65 +32 19 06.80
03 44 31.19 +32 06 22.10
03 44 26.03 +32 04 30.40
03 44 36.94 +32 06 45.40
03 44 08.48 +32 07 16.50
03 44 09.15 +32 07 09.30
03 44 39.18 +32 09 18.40
03 44 24.66 +32 10 15.00
03 45 07.96 +32 04 02.10
03 44 31.96 +32 11 43.80
03 44 32.06 +32 11 43.90
03 43 59.64 +32 01 54.20
03 44 44.72 +32 04 02.70
03 44 32.74 +32 08 37.50
03 44 47.72 +32 19 11.90
03 44 30.82 +32 09 55.80
03 45 07.61 +32 10 28.10
03 44 56.15 +32 09 15.50
03 43 51.24 +32 13 09.40
03 44 38.72 +32 08 42.00
03 44 35.04 +32 07 36.90
03 44 35.37 +32 07 36.10
03 45 01.42 +32 05 02.00
03 43 56.03 +32 02 13.30
03 44 31.53 +32 08 45.00
03 44 19.13 +32 09 31.40
03 44 18.16 +32 04 57.00
03 44 37.89 +32 08 04.20
03 44 32.59 +32 08 42.50
03 44 39.25 +32 07 35.50
03 44 38.47 +32 07 35.70
03 44 37.99 +32 03 29.80
03 44 23.99 +32 11 00.00
03 45 01.74 +32 14 27.90
03 44 29.72 +32 10 39.80
03 44 21.61 +32 10 37.60
03 44 42.02 +32 09 00.10
03 44 42.15 +32 09 02.20
03 44 08.86 +32 16 10.70
03 44 24.29 +32 10 19.40
03 44 11.62 +32 03 13.20
03 43 55.51 +32 09 32.50
03 44 34.88 +32 06 33.60
03 43 57.59 +32 01 37.60
03 44 55.63 +32 09 20.20
03 44 12.97 +32 01 35.40
03 44 43.52 +32 07 43.00
03 44 16.43 +32 09 55.20
03 44 31.36 +32 00 14.70
03 44 05.00 +32 09 53.80
03 44 38.55 +32 08 00.70
03 44 40.13 +32 11 34.30
03 44 25.58 +32 11 30.50
03 44 22.29 +32 05 42.70
03 44 26.63 +32 03 58.30
03 43 58.91 +32 11 27.10
03 44 25.57 +32 12 30.00
03 44 33.98 +32 08 54.10
03 44 28.47 +32 07 22.40
03 43 44.62 +32 08 17.90
03 44 28.51 +31 59 54.10
03 44 27.02 +32 04 43.60
03 43 58.55 +32 17 27.70
03 44 32.58 +32 08 55.80
03 44 22.57 +32 01 53.70
03 44 34.27 +32 10 49.70
03 44 43.78 +32 10 30.60
03 44 39.81 +32 18 04.20
03 44 26.69 +32 08 20.30
03 44 26.56 +32 08 20.60
03 45 01.52 +32 10 51.50
03 44 37.41 +32 06 11.70
03 44 37.41 +32 09 00.90
03 44 28.12 +32 16 00.30
03 44 27.88 +32 07 31.60
03 43 59.72 +32 14 03.20
03 44 32.77 +32 09 15.80
03 44 33.31 +32 09 39.60
03 44 39.21 +32 09 44.70
03 44 23.67 +32 06 46.60
03 44 17.91 +32 12 20.40
03 43 32.08 +32 06 17.40
03 44 21.91 +32 12 11.60
03 44 34.87 +32 09 53.40
03 44 25.56 +32 06 16.90
03 44 38.62 +32 05 06.50
03 44 19.25 +32 07 34.70
03 44 19.02 +32 07 35.70
03 44 22.32 +32 12 00.80
03 44 50.97 +32 16 09.60
03 44 44.59 +32 08 12.70
03 44 11.26 +32 06 12.10
03 44 38.70 +32 08 56.70
03 44 37.40 +32 12 24.30
03 43 48.76 +32 07 33.40
03 44 44.98 +32 13 36.60
03 44 37.19 +32 09 16.10
03 44 30.00 +32 09 21.10
03 44 21.56 +32 10 17.40
03 43 59.08 +32 14 21.30
03 44 21.26 +32 05 02.40
03 44 22.98 +32 11 57.30
03 44 33.22 +32 15 29.10
03 44 24.57 +32 03 57.10
03 43 54.63 +32 00 30.10
03 44 21.66 +32 06 24.80
03 44 20.18 +32 08 56.60
03 44 21.29 +32 11 56.40
03 44 04.25 +32 13 50.00
03 44 27.25 +32 14 21.00
03 44 41.74 +32 12 02.40
03 44 39.19 +32 20 09.00
03 44 13.62 +32 15 54.30
03 44 11.44 +32 19 40.10
03 44 45.11 +32 14 13.40
03 44 25.31 +32 10 12.70
03 44 35.69 +32 03 03.60
03 44 30.54 +32 06 29.70
03 43 56.20 +32 08 36.30
03 44 38.39 +32 12 59.80
03 44 41.31 +32 10 25.30
03 44 42.63 +32 06 19.50
03 43 49.39 +32 10 40.00
03 44 36.99 +32 08 34.20
03 45 02.85 +32 07 00.90
03 44 34.83 +32 11 18.00
03 44 42.77 +32 08 33.90
03 44 37.79 +32 12 18.20
03 44 06.79 +32 07 54.10
03 44 18.58 +32 12 53.20
03 44 40.16 +32 09 13.00
03 44 47.62 +32 10 55.80
03 44 02.59 +32 01 35.10
03 43 48.81 +32 15 51.70
03 44 11.22 +32 08 16.30
03 44 35.47 +32 08 56.50
03 44 42.58 +32 10 02.50
03 44 41.18 +32 10 10.20
03 44 31.35 +32 10 46.90
03 44 17.77 +32 04 47.60
03 44 28.42 +32 11 22.50
03 44 44.85 +32 11 05.80
03 44 10.13 +32 04 04.50
03 44 04.11 +32 07 17.10
03 44 49.80 +32 03 34.20
03 45 04.63 +32 15 01.10
03 45 05.22 +32 09 54.50
03 44 48.83 +32 13 22.10
03 44 34.99 +32 15 31.10
03 44 21.76 +32 12 31.40
03 44 35.89 +32 15 53.40
03 44 18.20 +32 09 59.30
03 44 53.76 +32 06 52.20
03 44 46.32 +32 11 16.80
03 44 06.11 +32 07 07.20
03 44 56.12 +32 05 56.70
03 44 29.21 +32 01 15.80
03 44 37.84 +32 10 07.40
03 44 23.64 +32 01 52.70
03 44 38.01 +32 11 37.10
03 44 27.25 +32 10 37.30
03 44 34.45 +32 06 25.00
03 43 57.22 +32 01 33.90
03 43 33.67 +32 01 45.40
03 45 01.48 +32 12 29.10
03 44 34.28 +32 12 40.70
03 44 18.10 +32 10 53.50
03 44 29.80 +32 00 54.60
03 44 30.30 +32 07 42.60
03 44 20.02 +32 06 45.60
03 44 21.27 +32 12 37.30
03 44 07.51 +32 04 08.90
03 44 28.95 +32 01 37.90
03 44 40.80 +32 13 06.90
03 44 43.05 +32 10 15.30
03 44 44.66 +32 07 30.30
03 44 40.26 +32 09 33.20
03 44 41.45 +32 13 09.80
03 44 55.36 +32 09 34.80
03 44 31.43 +32 11 29.50
03 44 31.18 +32 05 58.80
03 44 57.86 +32 04 01.80
03 44 35.52 +32 08 04.50
03 44 31.12 +32 18 48.50
03 44 41.88 +32 17 56.70
03 44 45.22 +32 01 20.00
03 44 23.57 +32 09 34.00
03 44 52.10 +32 04 46.90
03 44 59.84 +32 13 32.20
03 44 32.81 +32 04 13.10
03 44 07.71 +32 05 05.10
03 43 45.17 +32 03 58.70
03 44 37.33 +32 07 11.10
03 44 35.95 +32 09 24.30
03 44 16.88 +32 18 17.30
03 44 00.20 +31 58 21.90
03 44 29.12 +32 07 57.40
03 44 31.65 +32 06 53.40
03 43 53.80 +32 07 30.30
03 44 35.70 +32 04 52.70
03 43 55.27 +32 07 53.40
03 44 43.30 +32 17 57.10
03 44 03.65 +32 02 35.10
03 44 03.62 +32 02 33.10
03 43 48.62 +32 13 50.90
03 44 55.93 +32 07 26.90
03 44 34.69 +32 16 00.00
03 44 18.27 +32 07 32.50
03 44 31.83 +32 15 46.50
03 44 34.13 +32 16 35.70
03 43 52.09 +32 03 40.00
03 44 48.84 +32 18 46.60
03 44 09.20 +32 02 37.90
03 44 39.44 +32 10 08.20
03 44 31.03 +32 05 45.90
03 44 15.23 +32 19 42.10
03 44 31.85 +32 12 44.20
03 45 06.71 +32 09 30.70
03 44 41.12 +32 08 07.50
03 44 34.05 +32 06 56.90
03 43 59.88 +32 04 41.50
03 44 24.58 +32 10 02.90
03 44 29.51 +32 04 04.40
03 44 33.21 +32 12 57.50
03 44 38.88 +32 06 36.40
03 44 38.98 +32 03 19.80
03 44 22.69 +32 01 42.30
03 44 20.28 +32 05 43.70
03 44 04.43 +32 04 54.00
03 44 15.87 +32 18 39.50
03 44 21.22 +32 01 14.50
03 44 31.34 +32 09 29.20
03 43 55.09 +32 07 14.60
03 44 05.59 +32 19 31.00
03 44 22.55 +32 01 27.70
03 44 57.73 +32 07 41.90
03 45 01.00 +32 12 22.50
03 44 22.94 +32 14 40.50
03 44 19.58 +32 02 24.90
03 44 45.23 +32 10 55.90
03 44 30.05 +32 08 48.80
03 44 06.00 +32 15 32.30
03 44 15.58 +32 09 21.90
03 44 26.66 +32 02 36.40
03 44 44.25 +32 08 47.40
03 44 32.36 +32 03 27.30
03 43 58.14 +32 14 32.60
03 44 12.98 +32 13 15.70
03 44 41.32 +32 04 53.50
03 45 00.64 +32 08 19.30
03 44 27.28 +32 07 17.70
03 44 19.18 +32 05 59.80
03 44 25.75 +32 09 06.00
03 44 38.16 +32 10 21.60
03 44 39.20 +32 08 13.90
03 44 12.76 +32 10 55.30
03 44 43.72 +32 10 48.10
03 44 42.30 +32 12 28.30
03 44 17.27 +32 00 15.40
03 44 43.03 +32 15 59.80
03 44 10.23 +32 07 34.50
03 44 35.03 +32 08 57.50
03 43 59.16 +32 05 56.70
03 44 25.70 +32 15 49.30
03 44 27.98 +32 05 19.60
03 44 30.94 +32 02 44.20
03 44 28.87 +32 04 22.90
03 44 46.59 +32 09 01.90
03 44 02.33 +32 10 15.60
03 44 31.20 +32 14 47.20
03 44 45.56 +32 18 20.00
03 44 21.16 +32 06 16.60
03 43 46.44 +32 11 06.10
03 45 04.13 +32 05 04.70
03 44 37.56 +32 11 55.80
03 44 45.65 +32 11 10.90
03 44 44.29 +32 10 36.90
03 44 29.98 +32 09 39.50
03 44 45.95 +32 03 56.80
03 44 30.28 +32 11 35.30
03 43 56.38 +32 09 59.10
03 44 41.58 +32 10 39.50
03 45 05.32 +32 12 16.40
03 44 24.45 +32 01 43.70
03 44 11.07 +32 01 43.70
03 44 35.94 +32 11 17.50
03 44 59.10 +32 10 11.20
03 44 41.23 +32 06 27.20
03 44 25.80 +32 10 58.80
03 44 33.41 +32 10 31.60
03 44 30.37 +32 09 44.60
03 44 26.89 +32 09 26.20
03 44 37.64 +32 08 32.90
03 44 31.33 +32 08 11.40
03 44 26.37 +32 08 09.90
03 44 58.55 +31 58 27.30
03 44 36.38 +32 03 05.40
03 45 00.46 +32 03 20.40
03 44 36.62 +32 03 44.20
03 44 27.17 +32 03 46.60
03 43 28.47 +32 05 05.90
03 44 33.70 +32 05 20.70
03 44 33.69 +32 05 46.70
03 44 19.67 +32 06 45.90
03 45 13.81 +32 12 10.10
03 45 03.61 +32 12 13.90
03 44 26.92 +32 12 50.70
03 44 34.90 +32 15 00.00
03 44 56.74 +32 17 03.80
03 44 58.36 +32 18 11.80
03 44 22.98 +32 07 19.00
03 44 36.25 +32 13 04.50
03 45 01.09 +32 02 26.30
03 44 52.07 +31 58 25.50
03 44 15.84 +31 59 36.90
03 44 23.29 +32 01 54.40
03 43 26.25 +31 59 28.80
03 43 47.63 +32 09 02.70
03 44 59.20 +32 17 32.10
03 45 13.07 +32 20 05.30
03 44 19.74 +32 21 11.00
03 44 27.21 +32 20 28.70
03 43 19.93 +32 02 41.40
03 43 50.57 +32 03 17.70
03 45 01.59 +32 13 17.00
03 44 43.31 +32 01 31.60
03 44 33.79 +31 58 30.30
03 44 21.35 +31 59 32.70
03 43 23.57 +32 12 25.90
03 43 28.22 +32 01 59.20
03 44 05.78 +32 00 28.50
03 44 00.47 +32 04 32.70
03 44 05.78 +32 00 01.30
03 45 05.43 +32 03 08.10
03 45 16.35 +32 06 19.90
03 45 04.26 +32 03 05.80
03 45 05.77 +32 03 08.20
03 44 52.75 +32 00 56.80
03 45 01.09 +32 03 20.20
03 44 14.92 +32 13 43.50
03 44 16.18 +32 05 41.00
03 44 25.93 +32 08 05.40
03 43 01.45 +32 02 14.50
03 44 18.08 +31 57 00.00
03 45 17.83 +32 12 05.90
03 43 15.82 +32 10 45.60
03 45 35.63 +31 59 54.40
03 45 32.30 +32 03 14.90
03 45 22.15 +32 05 45.10
03 45 25.15 +32 09 30.20
03 45 20.46 +32 06 34.40
03 45 30.61 +32 01 55.60
03 44 21.86 +32 17 27.30
03 43 59.17 +32 02 51.30
03 44 42.59 +32 10 03.30
03 44 23.67 +32 06 46.80
03 44 34.20 +32 09 46.10
03 44 39.18 +32 09 18.70
03 44 30.13 +32 01 18.32
03 44 49.96 +32 06 14.61
03 44 12.94 +32 13 24.06

#END#  -ref=VIZ5a2588e43acc ====================================================================================================================================================================================================================================================================================================================================================