#  
#   VizieR Astronomical Server vizier.cfa.harvard.edu
#    Date: 2017-12-04T17:40:26 [V1.99+ (14-Oct-2013)]
#   In case of problem, please report to: cds-question@unistra.fr
# 
#   
#Coosys J2000: eq_FK5 J2000 
#INFO votable-version=1.99+ (14-Oct-2013) 
#INFO -ref=VIZ5a25887a3937 
#INFO -out.max=unlimited 
#INFO queryParameters=13 
#-oc.form=sexa
#-out.max=unlimited
#-order=I
#-out.src=J/ApJ/727/64/table4
#-nav=cat:J/ApJ/727/64&tab:{J/ApJ/727/64/table4}&key:source=J/ApJ/727/64/table4&HTTPPRM:&&-ref=VIZ5a25887a3937&-out.max=50&-out.form=HTML Table&-oc.form=sexa&-c.eq=J2000&-c.r=  2&-c.u=arcmin&-c.geom=r&-order=I&-out=RAJ2000&-out=DEJ2000&-ignore=2M=*&2M=2M&-file=.&-meta.ucd=2&-meta=1&-meta.foot=1&-usenav=1&-bmark=POST&-out.src=J/ApJ/727/64/table4
#-c.eq=J2000
#-c.r=  2
#-c.u=arcmin
#-c.geom=r
#-source=J/ApJ/727/64/table4
#-order=I
#-out=RAJ2000
#-out=DEJ2000
#

#RESOURCE=yCat_17270064
#Name: J/ApJ/727/64
#Title: Young stellar groups and their most massive stars (Kirk+, 2011)
#Table J_ApJ_727_64_table4:
#Name: J/ApJ/727/64/table4
#Title: *YSO catalog for ChaI (mainly from Luhman et al. 2007, Cat. J/ApJS/173/104)
#---Details of Columns:
#    RAJ2000 ("h:m:s") (A11)   Hour of Right Ascension (J2000) [ucd=pos.eq.ra;meta.main]
#    DEJ2000 ("d:m:s") (A12)   Degree of Declination (J2000) [ucd=pos.eq.dec;meta.main]
#----------- ------------
#RAJ200      DEJ20       
#0 ("h:m:s") 00 ("d:m:s")
#----------- ------------
11 04 42.56 -77 41 57.21
11 05 14.72 -77 11 29.35
11 02 53.73 -77 22 56.27
11 02 41.82 -77 24 24.58
10 58 16.72 -77 17 17.11
11 04 22.73 -77 18 08.13
11 02 06.06 -77 18 07.96
11 01 13.69 -77 22 38.76
11 06 43.50 -77 26 34.51
11 07 09.23 -77 18 46.95
11 06 15.38 -77 21 56.79
11 03 41.84 -77 26 52.12
10 59 01.09 -77 22 40.71
11 06 58.05 -77 22 48.81
11 02 32.62 -77 29 12.93
11 02 55.03 -77 21 50.81
11 05 22.75 -77 09 29.04
11 04 57.02 -77 15 57.06
11 06 59.07 -77 18 53.27
11 03 56.77 -77 21 32.77
11 05 42.99 -77 26 51.79
11 01 32.05 -77 18 25.11
11 03 47.65 -77 19 56.51
10 55 59.73 -77 24 39.91
10 55 59.09 -77 24 39.20
11 06 46.58 -77 22 32.54
11 06 29.42 -77 24 58.65
10 55 09.65 -77 30 54.08
11 02 24.86 -77 33 35.54
11 01 19.22 -77 32 38.60
11 01 19.44 -77 32 37.36
10 56 16.38 -76 30 53.01
11 09 54.05 -76 29 25.70
11 09 22.71 -76 34 31.81
11 07 12.15 -76 32 23.34
11 04 04.25 -76 39 32.83
11 09 17.76 -76 27 57.75
11 09 54.38 -76 31 11.52
11 09 13.81 -76 28 39.76
11 09 41.95 -76 34 58.36
11 07 11.77 -76 25 50.09
11 08 02.36 -76 40 34.32
11 06 25.52 -76 33 41.95
11 08 50.91 -76 25 13.68
11 10 22.25 -76 25 13.74
11 10 00.13 -76 34 58.03
11 09 40.05 -76 28 39.29
11 10 03.31 -76 33 10.95
11 08 51.81 -76 32 50.47
11 06 41.80 -76 35 49.10
11 08 55.00 -76 32 41.29
11 10 09.33 -76 32 18.12
11 09 50.02 -76 36 47.54
11 07 28.24 -76 52 11.81
11 09 28.62 -76 33 28.09
11 09 53.41 -76 34 25.43
11 10 07.04 -76 29 37.79
11 09 23.80 -76 23 20.90
11 10 03.69 -76 33 29.18
11 10 04.71 -76 35 45.44
11 09 54.96 -76 35 10.49
11 08 49.54 -76 38 44.06
11 09 18.15 -76 30 29.39
11 06 32.75 -76 25 21.05
11 09 52.15 -76 39 12.72
11 09 46.22 -76 34 46.28
11 08 40.72 -76 36 07.78
11 09 55.06 -76 32 41.15
11 05 24.73 -76 26 20.93
11 01 18.75 -76 27 02.54
11 05 52.62 -76 18 25.41
11 00 40.22 -76 19 28.07
11 04 51.00 -76 25 24.08
11 04 52.85 -76 25 51.49
11 04 10.57 -76 12 49.02
11 04 09.09 -76 27 19.38
11 07 46.58 -76 15 17.39
11 07 03.21 -76 10 56.64
10 57 42.18 -76 59 35.63
10 59 06.99 -77 01 40.44
10 56 30.33 -77 11 39.39
10 58 05.96 -77 11 50.12
10 53 39.73 -77 12 33.82
11 10 11.42 -76 35 29.52
11 11 39.67 -76 20 15.07
11 12 42.98 -76 37 04.87
11 10 06.59 -76 42 48.64
11 12 24.45 -76 37 06.19
11 11 54.01 -76 19 30.96
11 10 55.97 -76 45 32.76
11 12 27.72 -76 44 22.43
11 13 29.66 -76 29 01.45
11 12 03.28 -76 37 03.36
11 10 53.26 -76 34 32.10
11 11 46.32 -76 20 09.07
11 13 24.41 -76 29 22.97
11 11 10.79 -76 41 57.36
11 14 29.04 -76 25 40.03
11 12 09.85 -76 34 36.70
11 11 45.31 -76 36 50.52
11 16 02.88 -76 24 53.32
11 11 34.78 -76 36 21.55
11 13 27.35 -76 34 16.76
11 14 15.62 -76 27 36.47
11 12 30.92 -76 44 24.17
11 10 40.06 -76 30 54.91
11 17 52.12 -76 29 39.26
11 13 33.54 -76 35 37.41
11 07 58.05 -77 42 41.34
11 07 13.33 -77 43 49.80
11 08 19.03 -77 39 17.14
11 07 46.11 -77 40 08.92
11 08 05.99 -77 39 40.78
11 06 28.83 -77 37 33.18
11 07 11.52 -77 46 39.18
11 07 20.73 -77 38 07.17
11 08 24.11 -77 41 47.38
11 08 29.29 -77 39 19.86
11 09 52.51 -77 40 34.94
11 07 57.89 -77 38 44.99
11 08 03.35 -77 39 17.55
11 06 57.37 -77 42 10.58
11 07 20.27 -77 38 11.55
11 07 38.34 -77 47 16.60
11 07 43.68 -77 39 41.14
11 08 17.05 -77 44 11.80
11 08 16.50 -77 44 37.10
11 07 24.43 -77 43 48.82
11 09 45.17 -77 40 33.31
11 08 02.90 -77 38 42.81
11 06 15.48 -77 37 50.24
11 11 22.49 -77 45 42.87
11 06 38.01 -77 43 09.11
11 08 24.09 -77 39 30.15
11 08 01.44 -77 42 28.85
11 08 43.24 -77 43 50.22
11 08 38.82 -77 43 51.41
11 09 05.11 -77 09 58.11
11 09 29.11 -76 59 18.05
11 09 47.37 -77 26 29.13
11 12 22.46 -77 14 51.34
11 09 37.77 -77 10 41.20
11 08 18.50 -77 30 40.92
11 09 12.90 -77 29 11.66
11 10 50.69 -77 18 03.12
11 07 59.88 -77 15 31.66
11 11 22.64 -77 05 53.82
11 07 59.99 -77 17 30.58
11 08 25.73 -77 16 39.28
11 10 41.30 -77 20 47.81
11 07 18.65 -77 32 51.61
11 10 07.83 -77 27 48.11
11 13 20.09 -77 01 04.45
11 12 42.64 -77 22 23.05
11 10 34.71 -77 22 05.10
11 08 39.02 -77 16 03.92
11 12 42.07 -76 58 40.12
11 07 09.21 -77 23 04.90
11 09 53.31 -77 28 36.70
11 12 02.89 -77 22 48.32
11 08 22.38 -77 30 27.85
11 17 37.01 -77 04 38.12
11 08 54.61 -77 02 13.03
11 10 49.52 -77 17 51.72
11 09 48.61 -77 14 38.45
11 06 45.12 -77 27 02.52
11 09 42.54 -77 25 57.85
11 08 55.94 -77 27 13.41
11 10 28.50 -77 16 59.72
11 07 20.43 -77 29 40.60
11 08 26.47 -77 15 54.92
11 07 21.43 -77 22 11.66
11 07 16.23 -77 23 06.91
11 10 01.88 -77 25 45.17
11 07 03.71 -77 24 30.65
11 07 57.29 -77 17 26.34
11 07 55.76 -77 27 25.85
11 10 53.51 -77 25 00.46
11 10 36.33 -77 22 12.93
11 08 54.21 -77 32 11.60
11 14 26.09 -77 33 04.48
11 08 15.49 -77 33 53.46
11 08 14.77 -77 33 52.86
11 07 35.22 -77 34 49.34
11 10 38.02 -77 32 39.85
11 09 49.15 -77 31 19.72
11 14 50.28 -77 33 38.88
11 06 39.49 -77 36 05.32
11 09 58.66 -77 37 09.13
11 14 24.50 -77 33 06.43
11 15 21.72 -77 24 04.17
11 15 58.28 -77 29 04.60
11 10 11.52 -77 33 52.07
11 09 35.38 -77 31 39.24
11 07 42.49 -77 33 59.40
11 07 16.74 -77 35 53.27
11 07 52.19 -77 36 56.92
11 08 39.50 -77 34 16.72
11 07 37.77 -77 35 30.82
11 07 36.83 -77 33 33.83
11 12 03.50 -77 26 00.88
11 18 33.75 -76 43 04.00
11 17 37.91 -76 46 19.43
11 12 30.96 -76 53 34.21
11 12 48.57 -76 47 06.49
11 07 19.12 -76 03 04.80
11 18 20.24 -76 21 57.62
11 18 19.57 -76 22 01.33
10 46 37.95 -77 36 03.59
11 05 57.81 -76 07 48.90
11 19 42.12 -76 23 32.61
11 05 07.52 -78 12 06.31
11 24 11.84 -76 30 42.54
11 08 19.38 -77 31 52.22
11 09 11.60 -77 29 13.12
11 09 11.71 -77 29 12.04
11 07 07.68 -76 26 32.56
11 07 26.47 -77 42 40.78
11 08 30.40 -77 31 38.70
11 09 13.63 -77 34 44.61
11 07 03.50 -76 31 46.00
11 06 28.46 -77 37 33.90
11 07 38.37 -75 52 51.86
11 29 12.64 -75 46 26.16
11 24 29.82 -75 54 23.67
11 33 23.18 -76 22 09.23
11 06 59.38 -75 30 56.00
11 02 19.27 -75 36 57.68
11 19 56.50 -75 04 52.88
10 52 36.91 -74 40 28.77
11 08 52.43 -75 19 02.66
11 08 53.76 -75 21 35.96
11 08 53.24 -75 19 37.35
11 02 26.11 -75 02 40.78
11 06 00.10 -75 07 25.17
11 06 28.54 -76 18 03.90
11 06 33.38 -77 23 34.64

#END#  -ref=VIZ5a25887a3937 ==============================================================================================================================================================================================================================================================================================================================