#  
#   VizieR Astronomical Server vizier.cfa.harvard.edu
#    Date: 2017-12-04T17:44:36 [V1.99+ (14-Oct-2013)]
#   In case of problem, please report to: cds-question@unistra.fr
# 
#   
#Coosys J2000: eq_FK5 J2000 
#INFO votable-version=1.99+ (14-Oct-2013) 
#INFO -ref=VIZ5a2588e43acc 
#INFO -out.max=9999 
#INFO queryParameters=15 
#-oc.form=sexa
#-out.max=9999
#-order=I
#-nav=cat:J/ApJ/727/64&tab:{J/ApJ/727/64/table5}&key:source=J/ApJ/727/64/table5&HTTPPRM:&&-ref=VIZ5a2588e43acc&-out.max=9999&-out.form=ascii table&-order=I&-oc.form=sexa&-c.eq=J2000&-c.r=  2&-c.u=arcmin&-c.geom=r&-out=RAJ2000&-out=DEJ2000&-out.src=J/ApJ/727/64/table5&-meta.ucd=2&-meta=1&-meta.foot=1&-usenav=1&-bmark=POST&
#-c.eq=J2000
#-c.r=  2
#-c.u=arcmin
#-c.geom=r
#-order=I
#-order=I
#-source= J/ApJ/727/64/table5
#-order=I
#-out=RAJ2000
#-out=DEJ2000
#-out.src=J/ApJ/727/64/table5
#

#RESOURCE=yCat_17270064
#Name: J/ApJ/727/64
#Title: Young stellar groups and their most massive stars (Kirk+, 2011)
#Table J_ApJ_727_64_table5:
#Name: J/ApJ/727/64/table5
#Title: YSO catalog for Lupus3 (from Comeron F. 2008hsf2.book..295C; see Appendix A.3.)
#---Details of Columns:
#    RAJ2000 ("h:m:s") (A11)   Hour of Right Ascension (J2000) [ucd=pos.eq.ra;meta.main]
#    DEJ2000 ("d:m:s") (A12)   Degree of Declination (J2000) [ucd=pos.eq.dec;meta.main]
#----------- ------------
#RAJ200      DEJ20       
#0 ("h:m:s") 00 ("d:m:s")
#----------- ------------
15 53 41.20 -39 00 38.00
15 59 28.40 -40 21 51.00
16 03 05.50 -40 18 26.00
16 06 44.30 -39 14 11.00
16 07 00.60 -39 02 19.00
16 07 10.10 -39 11 03.00
16 07 11.60 -39 03 47.00
16 07 15.20 -40 03 42.00
16 07 17.80 -39 34 05.00
16 07 49.60 -39 04 29.00
16 07 52.30 -38 58 06.00
16 08 12.60 -39 08 33.00
16 08 21.80 -39 04 22.00
16 08 22.50 -39 04 46.00
16 08 24.10 -39 05 50.00
16 08 25.80 -39 06 01.00
16 08 28.40 -39 05 32.00
16 08 29.70 -39 03 11.00
16 08 30.30 -39 06 11.00
16 08 30.80 -39 05 49.00
16 08 34.30 -39 06 18.00
16 08 34.60 -39 05 34.00
16 08 37.00 -40 16 21.00
16 08 39.70 -39 06 26.00
16 08 41.80 -39 01 36.00
16 08 42.70 -39 06 18.00
16 08 48.20 -39 04 19.00
16 08 51.60 -39 03 18.00
16 08 54.70 -39 37 44.00
16 08 55.50 -39 02 35.00
16 08 57.80 -39 02 23.00
16 09 01.90 -39 05 12.00
16 09 06.20 -39 08 52.00
16 09 42.60 -39 19 42.00
16 09 44.30 -39 13 30.00
16 09 48.70 -39 11 17.00
16 09 57.10 -38 59 48.00
16 10 10.60 -40 07 44.00
16 10 12.20 -39 21 19.00
16 10 16.40 -39 08 01.00
16 10 51.50 -38 53 14.00
16 11 53.40 -39 02 16.00
16 12 30.10 -39 35 40.00
16 08 15.90 -39 03 07.00
16 08 35.70 -39 03 48.00
16 08 49.30 -39 05 38.00
16 08 51.40 -39 05 31.00
16 06 47.00 -39 16 15.80
16 08 00.20 -39 02 59.70
16 09 08.50 -39 03 43.80
16 08 57.80 -39 02 23.60
16 07 14.00 -38 52 37.90
16 08 28.10 -39 13 09.60
16 08 48.20 -39 09 20.10
16 09 01.50 -39 05 06.10
16 09 48.60 -39 11 17.60
16 09 49.80 -38 49 04.50
16 07 09.50 -38 41 30.30
16 07 23.40 -39 05 13.20
16 09 17.10 -39 27 09.40
16 07 37.70 -39 21 38.80
16 08 37.30 -39 23 10.80
16 08 28.10 -39 13 09.70
16 07 58.90 -39 24 34.90
16 11 51.20 -38 51 04.20
16 09 54.60 -39 12 03.40
16 09 56.30 -38 59 52.10
16 11 38.60 -39 08 27.10
16 10 16.10 -39 37 53.40
16 10 54.10 -39 40 07.00

#END#  -ref=VIZ5a2588e43acc =======================================================================================================================================================================================================================================================================================================