#  
#   VizieR Astronomical Server vizier.cfa.harvard.edu
#    Date: 2017-12-04T17:35:31 [V1.99+ (14-Oct-2013)]
#   In case of problem, please report to: cds-question@unistra.fr
# 
#   
#Coosys J2000: eq_FK5 J2000 
#INFO votable-version=1.99+ (14-Oct-2013) 
#INFO -ref=VIZ5a258737362f 
#INFO -out.max=unlimited 
#INFO queryParameters=13 
#-oc.form=sexa
#-out.max=unlimited
#-order=I
#-out.src=J/ApJ/727/64/table3
#-nav=cat:J/ApJ/727/64&tab:{J/ApJ/727/64/table3}&key:source=J/ApJ/727/64/table3&HTTPPRM:&&-ref=VIZ5a258737362f&-out.max=50&-out.form=HTML Table&-oc.form=sexa&-c.eq=J2000&-c.r=  2&-c.u=arcmin&-c.geom=r&-order=I&-out=RAJ2000&-out=DEJ2000&-ignore=2M=*&2M=2M&-file=.&-meta.ucd=2&-meta=1&-meta.foot=1&-usenav=1&-bmark=POST&-out.src=J/ApJ/727/64/table3
#-c.eq=J2000
#-c.r=  2
#-c.u=arcmin
#-c.geom=r
#-source=J/ApJ/727/64/table3
#-order=I
#-out=RAJ2000
#-out=DEJ2000
#

#RESOURCE=yCat_17270064
#Name: J/ApJ/727/64
#Title: Young stellar groups and their most massive stars (Kirk+, 2011)
#Table J_ApJ_727_64_table3:
#Name: J/ApJ/727/64/table3
#Title: YSO catalog for Taurus (from Luhman et al. 2010ApJS..186..111L; see Appendix A.1.)
#---Details of Columns:
#    RAJ2000 ("h:m:s") (A11)   Hour of Right Ascension (J2000) [ucd=pos.eq.ra;meta.main]
#    DEJ2000 ("d:m:s") (A12)   Degree of Declination (J2000) [ucd=pos.eq.dec;meta.main]
#----------- ------------
#RAJ200      DEJ20       
#0 ("h:m:s") 00 ("d:m:s")
#----------- ------------
04 03 49.31 +26 10 52.03
04 03 49.98 +26 20 38.23
04 03 50.84 +26 10 53.20
04 04 39.37 +21 58 18.65
04 04 39.85 +21 58 21.53
04 04 43.07 +26 18 56.39
04 05 30.88 +21 51 10.68
04 08 07.82 +28 07 28.05
04 13 14.14 +28 19 10.84
04 13 27.23 +28 16 24.78
04 13 53.29 +28 11 23.38
04 13 54.72 +28 11 32.90
04 13 57.38 +29 18 19.33
04 14 11.88 +28 11 53.51
04 14 12.26 +28 08 37.50
04 14 12.92 +28 12 12.45
04 14 13.58 +28 12 49.24
04 14 14.59 +28 27 58.06
04 14 17.00 +28 10 57.84
04 14 17.61 +28 06 09.70
04 14 26.27 +28 06 03.25
04 14 26.40 +28 05 59.72
04 14 30.55 +28 05 14.73
04 14 47.31 +26 46 26.44
04 14 47.40 +28 03 05.50
04 14 47.87 +26 48 11.01
04 14 47.97 +27 52 34.65
04 14 49.29 +28 12 30.59
04 14 52.34 +28 05 59.85
04 15 05.16 +28 08 46.21
04 15 14.71 +28 00 09.61
04 15 24.10 +29 10 43.47
04 15 39.16 +28 18 58.62
04 15 42.79 +29 09 59.71
04 15 57.99 +27 46 17.57
04 16 12.10 +27 56 38.58
04 16 18.86 +27 52 15.53
04 16 27.26 +20 53 09.17
04 16 28.11 +28 07 35.81
04 16 30.49 +30 37 05.32
04 16 39.12 +28 58 49.14
04 17 33.73 +28 20 46.85
04 17 38.94 +28 33 00.51
04 17 49.55 +28 13 31.85
04 17 49.65 +28 29 36.27
04 18 07.97 +28 26 03.70
04 18 10.79 +25 19 57.47
04 18 17.11 +28 28 41.92
04 18 21.47 +16 58 47.03
04 18 29.10 +28 26 19.11
04 18 30.31 +27 43 20.83
04 18 31.10 +28 27 16.22
04 18 31.13 +28 16 29.02
04 18 31.59 +28 16 58.53
04 18 32.03 +28 31 15.39
04 18 34.45 +28 30 30.23
04 18 40.23 +28 24 24.52
04 18 40.62 +28 19 15.51
04 18 41.33 +28 27 25.01
04 18 42.50 +28 18 49.85
04 18 47.04 +28 20 07.32
04 18 51.16 +28 14 33.24
04 18 51.48 +28 20 26.45
04 18 51.70 +17 23 16.57
04 18 58.14 +28 12 23.49
04 19 01.11 +28 19 42.05
04 19 01.27 +28 02 48.70
04 19 01.98 +28 22 33.21
04 19 12.81 +28 29 33.10
04 19 15.84 +29 06 26.94
04 19 26.26 +28 26 14.30
04 19 35.46 +28 27 21.81
04 19 41.27 +27 49 48.49
04 19 41.48 +27 16 07.02
04 19 42.50 +27 13 36.70
04 19 46.58 +27 12 55.21
04 19 58.45 +27 09 57.07
04 20 16.11 +28 21 32.55
04 20 21.44 +28 13 49.17
04 20 25.55 +27 00 35.55
04 20 25.83 +28 19 23.75
04 20 26.07 +28 04 08.95
04 20 39.19 +27 17 31.74
04 20 52.73 +17 46 41.55
04 21 07.95 +27 02 20.42
04 21 09.34 +27 50 36.84
04 21 10.39 +27 01 37.26
04 21 11.47 +27 01 09.40
04 21 34.60 +27 01 38.85
04 21 40.14 +28 14 22.46
04 21 43.24 +19 34 13.34
04 21 46.31 +26 59 29.61
04 21 54.51 +26 52 31.52
04 21 55.64 +27 55 06.06
04 21 56.86 +15 29 46.00
04 21 57.40 +28 26 35.55
04 21 58.85 +28 18 06.65
04 21 59.43 +19 32 06.37
04 22 00.09 +15 30 24.59
04 22 00.44 +15 30 21.21
04 22 00.70 +26 57 32.49
04 22 02.18 +26 57 30.49
04 22 03.14 +28 25 38.99
04 22 13.32 +19 34 39.24
04 22 15.68 +26 57 06.10
04 22 16.44 +25 49 11.84
04 22 16.76 +26 54 57.08
04 22 24.05 +26 46 25.80
04 22 47.87 +26 45 53.05
04 23 06.07 +28 01 19.49
04 23 07.77 +28 05 57.34
04 23 18.23 +26 41 15.62
04 23 35.40 +25 03 02.66
04 23 35.74 +25 02 59.63
04 23 39.19 +24 56 14.11
04 24 20.90 +26 30 51.16
04 24 26.46 +26 49 50.36
04 24 44.58 +26 10 14.11
04 24 45.06 +27 01 44.73
04 24 57.08 +27 11 56.50
04 25 17.51 +26 17 48.30
04 25 17.70 +26 17 50.32
04 26 29.39 +26 24 13.79
04 26 30.55 +24 43 55.87
04 26 53.53 +26 06 54.37
04 26 54.41 +26 06 51.05
04 26 56.30 +24 43 35.33
04 26 57.33 +26 06 28.41
04 27 02.66 +26 05 30.45
04 27 02.80 +25 42 22.31
04 27 04.70 +26 06 16.31
04 27 07.40 +22 15 03.80
04 27 28.00 +26 12 05.27
04 27 45.38 +23 57 24.33
04 27 57.31 +26 19 18.30
04 28 38.88 +26 51 34.60
04 28 42.63 +27 14 03.91
04 29 00.68 +27 55 03.40
04 29 04.99 +26 49 07.31
04 29 20.71 +26 33 40.69
04 29 21.65 +27 01 25.95
04 29 23.73 +24 33 00.28
04 29 29.71 +26 16 53.21
04 29 30.08 +24 39 55.05
04 29 32.10 +24 30 59.75
04 29 36.07 +24 35 55.65
04 29 41.56 +26 32 58.27
04 29 42.47 +26 32 49.31
04 29 45.68 +26 30 46.81
04 29 51.56 +26 06 44.90
04 29 54.23 +17 54 04.15
04 29 59.51 +24 33 07.85
04 30 03.58 +18 13 49.49
04 30 04.00 +18 13 49.38
04 30 07.24 +26 08 20.79
04 30 23.66 +23 59 12.99
04 30 29.61 +24 26 45.05
04 30 44.25 +26 01 24.47
04 30 44.40 +26 01 23.40
04 30 50.28 +23 00 08.85
04 30 51.38 +24 42 22.27
04 30 51.71 +24 41 47.51
04 30 57.19 +25 56 39.48
04 31 14.44 +27 10 17.99
04 31 15.78 +18 20 07.21
04 31 19.07 +23 35 04.72
04 31 23.82 +24 10 52.93
04 31 24.06 +18 00 21.53
04 31 26.69 +27 03 18.81
04 31 34.08 +18 08 04.90
04 31 36.13 +18 13 43.27
04 31 37.47 +18 12 24.48
04 31 38.44 +18 13 57.65
04 31 40.07 +18 13 57.18
04 31 44.45 +18 08 31.54
04 31 50.57 +24 24 18.07
04 31 57.79 +18 21 38.08
04 31 57.81 +18 21 34.91
04 31 58.44 +25 43 29.92
04 31 59.68 +18 21 30.50
04 32 03.29 +25 28 07.81
04 32 09.27 +17 57 22.75
04 32 14.57 +18 20 14.74
04 32 15.41 +24 28 59.75
04 32 15.84 +18 01 38.73
04 32 16.07 +18 12 46.45
04 32 17.86 +24 22 14.98
04 32 18.86 +24 22 27.15
04 32 22.11 +18 27 42.64
04 32 23.30 +24 03 01.38
04 32 24.16 +22 51 08.40
04 32 26.28 +18 27 52.15
04 32 30.28 +17 31 30.30
04 32 30.35 +17 31 40.64
04 32 30.58 +24 19 57.28
04 32 31.76 +24 20 03.00
04 32 32.06 +22 57 26.67
04 32 42.83 +25 52 31.41
04 32 43.04 +25 52 31.13
04 32 43.73 +18 02 56.33
04 32 49.11 +22 53 02.80
04 32 49.38 +22 53 08.22
04 32 50.26 +24 22 11.56
04 32 51.20 +17 30 09.21
04 33 01.98 +24 21 00.01
04 33 06.22 +24 09 33.99
04 33 06.64 +24 09 54.99
04 33 07.81 +26 16 06.63
04 33 09.46 +22 46 48.70
04 33 10.03 +24 33 43.38
04 33 14.36 +26 14 23.50
04 33 16.50 +22 53 20.40
04 33 19.07 +22 46 34.23
04 33 26.21 +22 45 29.34
04 33 34.06 +24 21 17.04
04 33 34.56 +24 21 05.85
04 33 36.79 +26 09 49.22
04 33 39.06 +22 27 20.79
04 33 39.06 +25 20 38.23
04 33 39.35 +17 51 52.37
04 33 41.72 +17 50 40.23
04 33 42.92 +25 26 47.02
04 33 44.65 +26 15 00.53
04 33 48.72 +18 10 09.99
04 33 52.01 +22 50 30.18
04 33 52.46 +26 12 54.85
04 33 52.52 +22 56 26.91
04 33 54.57 +26 13 25.72
04 33 54.70 +26 13 27.52
04 33 55.47 +18 38 39.06
04 34 10.99 +22 51 44.54
04 34 15.27 +22 50 30.96
04 34 18.04 +18 30 06.65
04 34 45.44 +23 08 02.71
04 34 55.42 +24 28 53.16
04 34 56.93 +22 58 35.86
04 35 08.51 +23 11 39.87
04 35 20.20 +22 32 14.60
04 35 20.90 +22 54 24.25
04 35 24.51 +17 51 42.98
04 35 27.38 +24 14 58.93
04 35 35.31 +24 08 27.52
04 35 35.39 +24 08 19.42
04 35 40.94 +24 11 08.76
04 35 41.84 +22 34 11.59
04 35 42.04 +22 52 22.67
04 35 45.26 +27 37 13.09
04 35 47.34 +22 50 21.70
04 35 51.10 +22 52 40.14
04 35 51.43 +22 49 11.95
04 35 52.10 +22 55 03.97
04 35 52.78 +22 54 23.11
04 35 52.87 +22 50 58.58
04 35 53.50 +22 54 08.95
04 35 54.15 +22 54 13.46
04 35 56.84 +22 54 36.02
04 35 58.93 +22 38 35.31
04 36 10.31 +21 59 36.46
04 36 10.39 +22 59 56.03
04 36 19.09 +25 42 58.96
04 36 21.52 +23 51 16.59
04 36 38.94 +22 58 11.90
04 37 37.05 +23 31 08.07
04 37 56.70 +25 46 22.93
04 38 00.84 +25 58 57.23
04 38 14.86 +26 11 39.94
04 38 16.30 +23 26 40.28
04 38 21.34 +26 09 13.74
04 38 28.58 +26 10 49.44
04 38 35.28 +26 10 38.63
04 38 35.49 +26 10 41.52
04 38 58.60 +23 36 35.16
04 38 58.71 +23 23 59.56
04 39 01.63 +23 36 02.99
04 39 03.96 +25 44 26.42
04 39 05.25 +23 37 45.08
04 39 06.38 +23 34 17.95
04 39 13.89 +25 53 20.88
04 39 17.41 +22 47 53.40
04 39 17.80 +22 21 03.48
04 39 20.91 +25 45 02.11
04 39 33.65 +23 59 21.23
04 39 35.19 +25 41 44.73
04 39 44.88 +26 01 52.79
04 39 47.48 +26 01 40.78
04 39 53.80 +26 03 10.50
04 39 55.75 +25 45 02.04
04 40 00.68 +23 58 21.17
04 40 01.75 +25 56 29.23
04 40 08.00 +26 05 25.38
04 40 39.79 +25 19 06.12
04 40 49.51 +25 51 19.18
04 41 04.24 +25 57 56.12
04 41 04.71 +24 51 06.24
04 41 08.26 +25 56 07.48
04 41 10.78 +25 55 11.65
04 41 12.68 +25 46 35.42
04 41 16.81 +28 40 00.06
04 41 24.64 +25 43 53.03
04 41 38.82 +25 56 26.75
04 41 44.90 +23 01 51.39
04 41 45.65 +23 01 58.07
04 41 48.25 +25 34 30.50
04 42 05.49 +25 22 56.30
04 42 07.33 +25 23 03.23
04 42 07.77 +25 23 11.80
04 42 21.02 +25 20 34.38
04 42 37.70 +25 15 37.46
04 43 03.10 +25 20 18.75
04 43 20.23 +29 40 06.05
04 44 27.13 +25 12 16.41
04 45 51.29 +15 55 49.67
04 45 51.34 +15 55 36.73
04 46 42.60 +24 59 03.40
04 46 53.06 +17 00 00.19
04 46 58.98 +17 02 38.19
04 46 59.09 +17 02 40.29
04 47 06.21 +16 58 42.81
04 47 48.59 +29 25 11.23
04 48 41.90 +17 03 37.43
04 51 47.38 +30 47 13.46
04 52 06.68 +30 47 17.55
04 55 10.98 +30 21 59.54
04 55 23.33 +30 27 36.62
04 55 36.96 +30 17 55.31
04 55 40.46 +30 39 05.71
04 55 45.35 +30 19 38.92
04 55 45.83 +30 33 04.37
04 55 47.57 +30 28 07.73
04 55 48.01 +30 28 05.00
04 55 48.20 +30 30 16.07
04 55 49.70 +30 19 40.04
04 55 52.89 +30 06 52.32
04 55 56.06 +30 36 20.96
04 55 56.37 +30 49 37.50
04 55 59.38 +30 34 01.56
04 56 01.18 +30 26 34.83
04 56 02.02 +30 21 03.75
04 57 49.03 +30 15 19.53
05 03 06.59 +25 23 19.71
05 04 41.40 +25 09 54.40
05 05 22.86 +25 31 31.23
05 06 16.75 +24 46 10.23
05 06 23.33 +24 32 19.95
05 06 46.63 +21 04 29.64
05 07 12.07 +24 37 16.40
05 07 49.54 +30 24 05.07
05 07 54.97 +25 00 15.61
04 33 32.78 +18 00 43.60
04 33 33.05 +18 01 00.20
04 33 32.83 +18 01 00.58
04 58 46.26 +29 50 37.00

#END#  -ref=VIZ5a258737362f ==============================================================================================================================================================================================================================================================================================================================