16 25 36.8 -24 15 51
16 25 38.2 -24 22 40
16 25 39.7 -24 26 37
16 25 41.1 -24 21 38
16 25 50.6 -24 39 18
16 25 56.3 -24 20 50
16 25 57.5 -24 30 34
16 26 01.5 -24 29 47
16 26 01.5 -24 25 20
16 26 03.2 -24 23 40
16 26 03.2 -24 17 49
16 26 04.6 -24 17 52
16 26 07.0 -24 27 28
16 26 07.5 -24 27 43
16 26 08.7 -24 18 53
16 26 09.7 -24 34 12
16 26 10.4 -24 20 58
16 26 15.8 -24 19 23
16 26 17.0 -24 22 26
16 26 17.2 -24 20 23
16 26 17.3 -24 23 49
16 26 18.6 -24 17 11
16 26 18.8 -24 26 13
16 26 18.9 -24 28 22
16 26 19.0 -24 23 07
16 26 19.2 -24 24 16
16 26 20.7 -24 08 48
16 26 21.0 -24 15 42
16 26 21.5 -24 23 07
16 26 21.7 -24 26 02
16 26 21.8 -24 22 49
16 26 22.2 -24 44 36
16 26 22.4 -24 24 08
16 26 22.6 -24 22 56
16 26 23.1 -24 28 49
16 26 23.4 -24 21 02
16 26 23.7 -24 24 40
16 26 24.0 -24 43 09
16 26 24.1 -24 24 50
16 26 24.2 -24 16 14
16 26 25.3 -24 24 47
16 26 27.7 -24 26 43
16 26 28.0 -24 41 51
16 26 28.5 -24 15 45
16 26 29.7 -24 19 08
16 26 30.5 -24 22 59
16 26 30.9 -24 31 07
16 26 34.2 -24 23 31
16 26 36.7 -24 18 10
16 26 36.8 -24 19 01
16 26 36.9 -24 15 54
16 26 38.0 -24 23 01
16 26 38.6 -24 23 10
16 26 40.6 -24 27 16
16 26 40.7 -24 30 53
16 26 41.6 -24 40 15
16 26 41.8 -24 18 01
16 26 42.0 -24 33 24
16 26 42.1 -24 31 02
16 26 42.3 -24 26 26
16 26 42.3 -24 26 34
16 26 42.9 -24 20 32
16 26 43.1 -24 23 01
16 26 43.8 -24 16 35
16 26 44.0 -24 34 48
16 26 44.3 -24 43 18
16 26 45.1 -24 23 10
16 26 46.5 -24 12 03
16 26 47.0 -24 44 30
16 26 48.6 -24 28 39
16 26 48.7 -24 26 28
16 26 49.0 -24 38 27
16 26 49.2 -24 20 05
16 26 50.9 -24 20 52
16 26 52.1 -24 30 39
16 26 53.6 -24 32 36
16 26 54.4 -24 24 38
16 26 54.5 -24 26 22
16 26 54.9 -24 27 05
16 26 55.0 -24 22 31
16 26 55.3 -24 20 29
16 26 56.7 -24 28 38
16 26 57.3 -24 14 00
16 26 57.4 -24 35 39
16 26 58.3 -24 37 40
16 26 58.4 -24 21 29
16 26 58.6 -24 18 34
16 26 58.8 -24 45 37
16 26 59.3 -24 35 57
16 26 59.3 -24 35 01
16 27 01.8 -24 21 37
16 27 02.5 -24 37 30
16 27 03.0 -24 26 16
16 27 03.7 -24 20 07
16 27 04.1 -24 28 33
16 27 04.4 -24 43 00
16 27 04.6 -24 42 15
16 27 04.6 -24 27 16
16 27 05.4 -24 36 31
16 27 05.7 -24 40 12
16 27 06.0 -24 26 19
16 27 06.6 -24 41 48
16 27 07.0 -24 38 16
16 27 07.9 -24 40 27
16 27 09.2 -24 34 10
16 27 09.3 -24 12 07
16 27 09.6 -24 40 25
16 27 09.6 -24 37 21
16 27 09.6 -24 29 55
16 27 10.2 -24 19 16
16 27 10.3 -24 33 22
16 27 11.4 -24 40 46
16 27 11.7 -24 23 49
16 27 11.9 -24 38 31
16 27 12.1 -24 34 48
16 27 13.9 -24 18 25
16 27 14.0 -24 43 31
16 27 14.6 -24 26 55
16 27 15.4 -24 30 54
16 27 15.7 -24 26 46
16 27 15.9 -24 38 46
16 27 16.1 -24 25 22
16 27 17.6 -24 05 19
16 27 17.6 -24 28 58
16 27 18.0 -24 28 55
16 27 18.0 -24 24 31
16 27 18.5 -24 39 15
16 27 18.6 -24 29 07
16 27 19.3 -24 28 45
16 27 19.5 -24 41 43
16 27 21.6 -24 21 52
16 27 21.7 -24 41 42
16 27 21.8 -24 43 34
16 27 21.8 -24 29 55
16 27 22.9 -24 18 00
16 27 24.3 -24 41 46
16 27 24.8 -24 41 03
16 27 26.0 -24 19 28
16 27 26.2 -24 42 45
16 27 26.8 -24 39 22
16 27 27.1 -24 40 51
16 27 27.5 -24 31 18
16 27 28.3 -24 39 33
16 27 28.4 -24 27 21
16 27 29.7 -24 39 16
16 27 29.7 -24 33 36
16 27 30.1 -24 27 43
16 27 30.8 -24 34 04
16 27 30.9 -24 47 25
16 27 30.9 -24 27 34
16 27 31.0 -24 25 00
16 27 32.5 -24 33 22
16 27 32.6 -24 32 42
16 27 32.8 -24 32 34
16 27 33.2 -24 41 15
16 27 35.2 -24 38 31
16 27 35.6 -24 45 31
16 27 36.3 -24 28 34
16 27 37.2 -24 30 34
16 27 37.4 -24 17 58
16 27 37.6 -24 42 40
16 27 38.0 -24 25 25
16 27 38.4 -24 36 58
16 27 38.8 -24 38 39
16 27 39.1 -24 40 21
16 27 39.5 -24 39 16
16 27 40.0 -24 43 13
16 27 40.5 -24 22 07
16 27 41.5 -24 35 37
16 27 41.8 -24 46 45
16 27 41.9 -24 43 37
16 27 42.7 -24 38 49
16 27 43.7 -24 43 07
16 27 45.9 -24 38 00
16 27 46.0 -24 44 52
16 27 46.2 -24 31 40
16 27 47.2 -24 45 33
16 27 49.9 -24 25 25
16 27 50.0 -24 44 15
16 27 50.2 -24 25 43
16 27 50.3 -24 39 01
16 27 51.7 -24 31 46
16 27 51.9 -24 46 28
16 27 52.0 -24 40 48
16 27 55.0 -24 28 39
16 27 55.5 -24 44 49
16 27 55.9 -24 26 22
16 27 57.7 -24 40 01
16 27 57.8 -24 36 01
16 28 03.8 -24 34 43
16 28 04.9 -24 34 52
16 28 05.5 -24 33 55
16 28 12.2 -24 11 37
16 28 13.7 -24 32 48
16 28 16.8 -24 05 19
16 28 16.8 -24 37 04
16 28 22.1 -24 42 49
16 28 33.2 -24 22 46
16 28 45.6 -24 28 22